Gene Name                         ,Resistance Group,Set Effect,Effect    ,Resistance Profile                  ,PID Threshold,Coverage Threshold,Source
aac_1                             ,                ,RESISTANT ,RESISTANCE,"aminoglycoside"                    ,80.0         ,80.0              ,
aac_3_I_1                         ,                ,RESISTANT ,RESISTANCE,"aminoglycoside"                    ,80.0         ,80.0              ,
aac_3_Ia_1                        ,                ,RESISTANT ,RESISTANCE,"aminoglycoside"                    ,80.0         ,80.0              ,
aac_3_Ib_aac_6_Ib_1               ,                ,RESISTANT ,RESISTANCE,"aminoglycoside"                    ,80.0         ,80.0              ,
aac_3_Ic_1                        ,                ,RESISTANT ,RESISTANCE,"aminoglycoside"                    ,80.0         ,80.0              ,
aac_3_Id_1                        ,                ,RESISTANT ,RESISTANCE,"aminoglycoside"                    ,80.0         ,80.0              ,
aac_3_Ig_1                        ,                ,RESISTANT ,RESISTANCE,"aminoglycoside"                    ,80.0         ,80.0              ,
aac_3_Ih_1                        ,                ,RESISTANT ,RESISTANCE,"aminoglycoside"                    ,80.0         ,80.0              ,
aac_3_Ii_1                        ,                ,RESISTANT ,RESISTANCE,"aminoglycoside"                    ,80.0         ,80.0              ,
aac_3_IIb_1                       ,                ,RESISTANT ,RESISTANCE,"aminoglycoside"                    ,80.0         ,80.0              ,
aac_3_IIIa_1                      ,                ,RESISTANT ,RESISTANCE,"aminoglycoside"                    ,80.0         ,80.0              ,
aac_3_Ik_1                        ,                ,RESISTANT ,RESISTANCE,"aminoglycoside"                    ,80.0         ,80.0              ,
aac_3_IVa_1                       ,                ,RESISTANT ,RESISTANCE,"aminoglycoside"                    ,80.0         ,80.0              ,
aac_3_IXa_1                       ,                ,RESISTANT ,RESISTANCE,"aminoglycoside"                    ,80.0         ,80.0              ,
aac_3_VIa_1                       ,                ,RESISTANT ,RESISTANCE,"aminoglycoside"                    ,80.0         ,80.0              ,
aac_6prime__1                     ,                ,RESISTANT ,RESISTANCE,"aminoglycoside"                    ,80.0         ,80.0              ,
aac_6prime__2                     ,                ,RESISTANT ,RESISTANCE,"aminoglycoside"                    ,80.0         ,80.0              ,
aac_6prime_31_1                   ,                ,RESISTANT ,RESISTANCE,"aminoglycoside"                    ,80.0         ,80.0              ,
aac_6prime_32_1                   ,                ,RESISTANT ,RESISTANCE,"aminoglycoside"                    ,80.0         ,80.0              ,
aac_6prime__3                     ,                ,RESISTANT ,RESISTANCE,"aminoglycoside"                    ,80.0         ,80.0              ,
aac_6prime_aph_2primeprime__1     ,                ,RESISTANT ,RESISTANCE,"aminoglycoside"                    ,80.0         ,80.0              ,
aac_6prime_Ia_1                   ,                ,RESISTANT ,RESISTANCE,"aminoglycoside"                    ,80.0         ,80.0              ,
aac_6prime_Iad_1                  ,                ,RESISTANT ,RESISTANCE,"aminoglycoside"                    ,80.0         ,80.0              ,
aac_6prime_Iae_1                  ,                ,RESISTANT ,RESISTANCE,"aminoglycoside"                    ,80.0         ,80.0              ,
aac_6prime_Iai_1                  ,                ,RESISTANT ,RESISTANCE,"aminoglycoside"                    ,80.0         ,80.0              ,
aac_6prime_Ib_1                   ,                ,RESISTANT ,RESISTANCE,"aminoglycoside"                    ,80.0         ,80.0              ,
aac_6prime_Ibcr_1                 ,                ,RESISTANT ,RESISTANCE,"aminoglycoside,quinolone"          ,80.0         ,80.0              ,
aac_6prime_Ibcr_2                 ,                ,RESISTANT ,RESISTANCE,"aminoglycoside,quinolone"          ,80.0         ,80.0              ,
aac_6prime_Ibcr_3                 ,                ,RESISTANT ,RESISTANCE,"aminoglycoside,quinolone"          ,80.0         ,80.0              ,
aac_6prime_Ic_1                   ,                ,RESISTANT ,RESISTANCE,"aminoglycoside"                    ,80.0         ,80.0              ,
aac_6prime_Id_1                   ,                ,RESISTANT ,RESISTANCE,"aminoglycoside"                    ,80.0         ,80.0              ,
aac_6prime_If_1                   ,                ,RESISTANT ,RESISTANCE,"aminoglycoside"                    ,80.0         ,80.0              ,
aac_6prime_Ig_1                   ,                ,RESISTANT ,RESISTANCE,"aminoglycoside"                    ,80.0         ,80.0              ,
aac_6prime_Ii_1                   ,                ,RESISTANT ,RESISTANCE,"aminoglycoside"                    ,80.0         ,80.0              ,
aac_6prime_IIa_1                  ,                ,RESISTANT ,RESISTANCE,"aminoglycoside"                    ,80.0         ,80.0              ,
aac_6prime_IIb_1                  ,                ,RESISTANT ,RESISTANCE,"aminoglycoside"                    ,80.0         ,80.0              ,
aac_6prime_IIc_1                  ,                ,RESISTANT ,RESISTANCE,"aminoglycoside"                    ,80.0         ,80.0              ,
aac_6prime_Ij_1                   ,                ,RESISTANT ,RESISTANCE,"aminoglycoside"                    ,80.0         ,80.0              ,
aac_6prime_Ik_1                   ,                ,RESISTANT ,RESISTANCE,"aminoglycoside"                    ,80.0         ,80.0              ,
aac_6prime_Im_1                   ,                ,RESISTANT ,RESISTANCE,"aminoglycoside"                    ,80.0         ,80.0              ,
aac_6prime_Ir_1                   ,                ,RESISTANT ,RESISTANCE,"aminoglycoside"                    ,80.0         ,80.0              ,
aac_6prime_Iw_1                   ,                ,RESISTANT ,RESISTANCE,"aminoglycoside"                    ,80.0         ,80.0              ,
aac_6prime_Iz_1                   ,                ,RESISTANT ,RESISTANCE,"aminoglycoside"                    ,80.0         ,80.0              ,
aacA29_1                          ,                ,RESISTANT ,RESISTANCE,"aminoglycoside"                    ,80.0         ,80.0              ,
aacA43_1                          ,                ,RESISTANT ,RESISTANCE,"aminoglycoside"                    ,80.0         ,80.0              ,
aadA14_1                          ,                ,RESISTANT ,RESISTANCE,"aminoglycoside"                    ,80.0         ,80.0              ,
aadA7_1                           ,                ,RESISTANT ,RESISTANCE,"aminoglycoside"                    ,80.0         ,80.0              ,
aadA9_1                           ,                ,RESISTANT ,RESISTANCE,"aminoglycoside"                    ,80.0         ,80.0              ,
aadB_1                            ,                ,RESISTANT ,RESISTANCE,"aminoglycoside"                    ,80.0         ,80.0              ,
aadC_1                            ,                ,RESISTANT ,RESISTANCE,"aminoglycoside"                    ,80.0         ,80.0              ,
aadD_1                            ,                ,RESISTANT ,RESISTANCE,"aminoglycoside"                    ,80.0         ,80.0              ,
ant_3primeprime_Ihaac_6prime_IId_1,                ,RESISTANT ,RESISTANCE,"aminoglycoside"                    ,80.0         ,80.0              ,
ant_4prime_Ib_1                   ,                ,RESISTANT ,RESISTANCE,"aminoglycoside"                    ,80.0         ,80.0              ,
ant_4prime_IIa_1                  ,                ,RESISTANT ,RESISTANCE,"aminoglycoside"                    ,80.0         ,80.0              ,
ant_4prime_IIb_1                  ,                ,RESISTANT ,RESISTANCE,"aminoglycoside"                    ,80.0         ,80.0              ,
ant_6_Ia_1                        ,                ,RESISTANT ,RESISTANCE,"aminoglycoside"                    ,80.0         ,80.0              ,
ant_6_Ib_1                        ,                ,RESISTANT ,RESISTANCE,"aminoglycoside"                    ,80.0         ,80.0              ,
ant_9_Ib_1                        ,                ,RESISTANT ,RESISTANCE,"aminoglycoside"                    ,80.0         ,80.0              ,
aph_2primeprime_Ib_1              ,                ,RESISTANT ,RESISTANCE,"aminoglycoside"                    ,80.0         ,80.0              ,
aph_2primeprime_Ic_1              ,                ,RESISTANT ,RESISTANCE,"aminoglycoside"                    ,80.0         ,80.0              ,
aph_3primeprime_Ia_1              ,                ,RESISTANT ,RESISTANCE,"aminoglycoside"                    ,80.0         ,80.0              ,
aph_3prime_Ib_1                   ,                ,RESISTANT ,RESISTANCE,"aminoglycoside"                    ,80.0         ,80.0              ,
aph_3prime_Id_1                   ,                ,RESISTANT ,RESISTANCE,"aminoglycoside"                    ,80.0         ,80.0              ,
aph_3prime_IIa_1                  ,                ,RESISTANT ,RESISTANCE,"aminoglycoside"                    ,80.0         ,80.0              ,
aph_3prime_IIb_1                  ,                ,RESISTANT ,RESISTANCE,"aminoglycoside"                    ,80.0         ,80.0              ,
aph_3prime_III_1                  ,                ,RESISTANT ,RESISTANCE,"aminoglycoside"                    ,80.0         ,80.0              ,
aph_3prime_IV_1                   ,                ,RESISTANT ,RESISTANCE,"aminoglycoside"                    ,80.0         ,80.0              ,
aph_3prime_VIIa_1                 ,                ,RESISTANT ,RESISTANCE,"aminoglycoside"                    ,80.0         ,80.0              ,
aph_3prime_VIII_1                 ,                ,RESISTANT ,RESISTANCE,"aminoglycoside"                    ,80.0         ,80.0              ,
aph_3prime_XV_1                   ,                ,RESISTANT ,RESISTANCE,"aminoglycoside"                    ,80.0         ,80.0              ,
aph_4_Ia_1                        ,                ,RESISTANT ,RESISTANCE,"aminoglycoside"                    ,80.0         ,80.0              ,
aph_4_Ib_1                        ,                ,RESISTANT ,RESISTANCE,"aminoglycoside"                    ,80.0         ,80.0              ,
aph_6_Ia_1                        ,                ,RESISTANT ,RESISTANCE,"aminoglycoside"                    ,80.0         ,80.0              ,
aph6_Ib_1                         ,                ,RESISTANT ,RESISTANCE,"aminoglycoside"                    ,80.0         ,80.0              ,
aph_6_Ic_1                        ,                ,RESISTANT ,RESISTANCE,"aminoglycoside"                    ,80.0         ,80.0              ,
aph_9_Ia_1                        ,                ,RESISTANT ,RESISTANCE,"aminoglycoside"                    ,80.0         ,80.0              ,
aph_9_Ib_1                        ,                ,RESISTANT ,RESISTANCE,"aminoglycoside"                    ,80.0         ,80.0              ,
apmA_1                            ,                ,RESISTANT ,RESISTANCE,"aminoglycoside"                    ,80.0         ,80.0              ,
armA_1                            ,                ,RESISTANT ,RESISTANCE,"aminoglycoside"                    ,80.0         ,80.0              ,
ARR2_1                            ,                ,RESISTANT ,RESISTANCE,"rifampicin"                        ,80.0         ,80.0              ,
ARR3_4                            ,                ,RESISTANT ,RESISTANCE,"rifampicin"                        ,80.0         ,80.0              ,
ARR3_1                            ,                ,RESISTANT ,RESISTANCE,"rifampicin"                        ,80.0         ,80.0              ,
ARR4_1                            ,                ,RESISTANT ,RESISTANCE,"rifampicin"                        ,80.0         ,80.0              ,
ARR5_1                            ,                ,RESISTANT ,RESISTANCE,"rifampicin"                        ,80.0         ,80.0              ,
ARR6_1                            ,                ,RESISTANT ,RESISTANCE,"rifampicin"                        ,80.0         ,80.0              ,
ARR6_2                            ,                ,RESISTANT ,RESISTANCE,"rifampicin"                        ,80.0         ,80.0              ,
ARR6_3                            ,                ,RESISTANT ,RESISTANCE,"rifampicin"                        ,80.0         ,80.0              ,
ARR7_1                            ,                ,RESISTANT ,RESISTANCE,"rifampicin"                        ,80.0         ,80.0              ,
blaACI1_1                         ,                ,RESISTANT ,RESISTANCE,"betalactamase"                     ,80.0         ,80.0              ,
blaAER1_1                         ,                ,RESISTANT ,RESISTANCE,"betalactamase"                     ,80.0         ,80.0              ,
blaA_2                            ,                ,RESISTANT ,RESISTANCE,"betalactamase"                     ,80.0         ,80.0              ,
blaA_1                            ,                ,RESISTANT ,RESISTANCE,"betalactamase"                     ,80.0         ,80.0              ,
blaA_4                            ,                ,RESISTANT ,RESISTANCE,"betalactamase"                     ,80.0         ,80.0              ,
blaAST1_1                         ,                ,RESISTANT ,RESISTANCE,"betalactamase"                     ,80.0         ,80.0              ,
blaBEL1_1                         ,                ,RESISTANT ,RESISTANCE,"betalactamase"                     ,80.0         ,80.0              ,
blaBEL2_1                         ,                ,RESISTANT ,RESISTANCE,"betalactamase"                     ,80.0         ,80.0              ,
blaBEL3_1                         ,                ,RESISTANT ,RESISTANCE,"betalactamase"                     ,80.0         ,80.0              ,
blaBES1_1                         ,                ,RESISTANT ,RESISTANCE,"betalactamase"                     ,80.0         ,80.0              ,
blaB3_1                           ,                ,RESISTANT ,RESISTANCE,"betalactamase"                     ,80.0         ,80.0              ,
blaB12_1                          ,                ,RESISTANT ,RESISTANCE,"betalactamase"                     ,80.0         ,80.0              ,
blaB14_1                          ,                ,RESISTANT ,RESISTANCE,"betalactamase"                     ,80.0         ,80.0              ,
blaB10_1                          ,                ,RESISTANT ,RESISTANCE,"betalactamase"                     ,80.0         ,80.0              ,
blaB13_1                          ,                ,RESISTANT ,RESISTANCE,"betalactamase"                     ,80.0         ,80.0              ,
blaB11_1                          ,                ,RESISTANT ,RESISTANCE,"betalactamase"                     ,80.0         ,80.0              ,
blaB9_1                           ,                ,RESISTANT ,RESISTANCE,"betalactamase"                     ,80.0         ,80.0              ,
blaB2_1                           ,                ,RESISTANT ,RESISTANCE,"betalactamase"                     ,80.0         ,80.0              ,
blaB8_1                           ,                ,RESISTANT ,RESISTANCE,"betalactamase"                     ,80.0         ,80.0              ,
blaB5_1                           ,                ,RESISTANT ,RESISTANCE,"betalactamase"                     ,80.0         ,80.0              ,
blaB7_1                           ,                ,RESISTANT ,RESISTANCE,"betalactamase"                     ,80.0         ,80.0              ,
blaB6_1                           ,                ,RESISTANT ,RESISTANCE,"betalactamase"                     ,80.0         ,80.0              ,
blaBIC1_1                         ,                ,RESISTANT ,RESISTANCE,"betalactamase"                     ,80.0         ,80.0              ,
blaBIL1_1                         ,                ,RESISTANT ,RESISTANCE,"betalactamase"                     ,80.0         ,80.0              ,
blaCEPA_1                         ,                ,RESISTANT ,RESISTANCE,"betalactamase"                     ,80.0         ,80.0              ,
blaCEPA_1                         ,                ,RESISTANT ,RESISTANCE,"betalactamase"                     ,80.0         ,80.0              ,
blaCEPA_6                         ,                ,RESISTANT ,RESISTANCE,"betalactamase"                     ,80.0         ,80.0              ,
blaCEPA49_1                       ,                ,RESISTANT ,RESISTANCE,"betalactamase"                     ,80.0         ,80.0              ,
blaCEPA44_1                       ,                ,RESISTANT ,RESISTANCE,"betalactamase"                     ,80.0         ,80.0              ,
blaCEPA29_1                       ,                ,RESISTANT ,RESISTANCE,"betalactamase"                     ,80.0         ,80.0              ,
blaCEPHA3_1                       ,                ,RESISTANT ,RESISTANCE,"betalactamase"                     ,80.0         ,80.0              ,
blaCFE1_1                         ,                ,RESISTANT ,RESISTANCE,"betalactamase"                     ,80.0         ,80.0              ,
blaCKO1_1                         ,                ,RESISTANT ,RESISTANCE,"betalactamase"                     ,80.0         ,80.0              ,
blaCME1_1                         ,                ,RESISTANT ,RESISTANCE,"betalactamase"                     ,80.0         ,80.0              ,
blaCMG_1                          ,                ,RESISTANT ,RESISTANCE,"betalactamase"                     ,80.0         ,80.0              ,
blaCTXM45_1                       ,                ,RESISTANT ,RESISTANCE,"betalactamase"                     ,80.0         ,80.0              ,
blaCTXM8_1                        ,                ,RESISTANT ,RESISTANCE,"betalactamase"                     ,80.0         ,80.0              ,
blaCTXM14_44                      ,                ,RESISTANT ,RESISTANCE,"betalactamase"                     ,80.0         ,80.0              ,
blaCTXM17_1                       ,                ,RESISTANT ,RESISTANCE,"betalactamase"                     ,80.0         ,80.0              ,
blaCTXM17_2                       ,                ,RESISTANT ,RESISTANCE,"betalactamase"                     ,80.0         ,80.0              ,
blaCTXM21_1                       ,                ,RESISTANT ,RESISTANCE,"betalactamase"                     ,80.0         ,80.0              ,
blaCTXM14_48                      ,                ,RESISTANT ,RESISTANCE,"betalactamase"                     ,80.0         ,80.0              ,
blaCTXM14_31                      ,                ,RESISTANT ,RESISTANCE,"betalactamase"                     ,80.0         ,80.0              ,
blaCTXM14_7                       ,                ,RESISTANT ,RESISTANCE,"betalactamase"                     ,80.0         ,80.0              ,
blaCTXM16_1                       ,                ,RESISTANT ,RESISTANCE,"betalactamase"                     ,80.0         ,80.0              ,
blaCTXM9_7                        ,                ,RESISTANT ,RESISTANCE,"betalactamase"                     ,80.0         ,80.0              ,
blaCTXM9_1                        ,                ,RESISTANT ,RESISTANCE,"betalactamase"                     ,80.0         ,80.0              ,
blaCTXM51_1                       ,                ,RESISTANT ,RESISTANCE,"betalactamase"                     ,80.0         ,80.0              ,
blaCTXM14_1                       ,                ,RESISTANT ,RESISTANCE,"betalactamase"                     ,80.0         ,80.0              ,
blaCTXM112_1                      ,                ,RESISTANT ,RESISTANCE,"betalactamase"                     ,80.0         ,80.0              ,
blaCTXM83_1                       ,                ,RESISTANT ,RESISTANCE,"betalactamase"                     ,80.0         ,80.0              ,
blaCTXM48_1                       ,                ,RESISTANT ,RESISTANCE,"betalactamase"                     ,80.0         ,80.0              ,
blaCTXM19_1                       ,                ,RESISTANT ,RESISTANCE,"betalactamase"                     ,80.0         ,80.0              ,
blaCTXM24_2                       ,                ,RESISTANT ,RESISTANCE,"betalactamase"                     ,80.0         ,80.0              ,
blaCTXM65_2                       ,                ,RESISTANT ,RESISTANCE,"betalactamase"                     ,80.0         ,80.0              ,
blaCTXM65_11                      ,                ,RESISTANT ,RESISTANCE,"betalactamase"                     ,80.0         ,80.0              ,
blaCTXM99_1                       ,                ,RESISTANT ,RESISTANCE,"betalactamase"                     ,80.0         ,80.0              ,
blaCTXM65_3                       ,                ,RESISTANT ,RESISTANCE,"betalactamase"                     ,80.0         ,80.0              ,
blaCTXM87_1                       ,                ,RESISTANT ,RESISTANCE,"betalactamase"                     ,80.0         ,80.0              ,
blaCTXM82_2                       ,                ,RESISTANT ,RESISTANCE,"betalactamase"                     ,80.0         ,80.0              ,
blaCTXM93_1                       ,                ,RESISTANT ,RESISTANCE,"betalactamase"                     ,80.0         ,80.0              ,
blaCTXM27_1                       ,                ,RESISTANT ,RESISTANCE,"betalactamase"                     ,80.0         ,80.0              ,
blaCTXM98_1                       ,                ,RESISTANT ,RESISTANCE,"betalactamase"                     ,80.0         ,80.0              ,
blaCTXM102_1                      ,                ,RESISTANT ,RESISTANCE,"betalactamase"                     ,80.0         ,80.0              ,
blaCTXM98_3                       ,                ,RESISTANT ,RESISTANCE,"betalactamase"                     ,80.0         ,80.0              ,
blaCTXM105_1                      ,                ,RESISTANT ,RESISTANCE,"betalactamase"                     ,80.0         ,80.0              ,
blaCTXM81_1                       ,                ,RESISTANT ,RESISTANCE,"betalactamase"                     ,80.0         ,80.0              ,
blaCTXM111_1                      ,                ,RESISTANT ,RESISTANCE,"betalactamase"                     ,80.0         ,80.0              ,
blaCTXM113_1                      ,                ,RESISTANT ,RESISTANCE,"betalactamase"                     ,80.0         ,80.0              ,
blaCTXM14_38                      ,                ,RESISTANT ,RESISTANCE,"betalactamase"                     ,80.0         ,80.0              ,
blaCTXM13_2                       ,                ,RESISTANT ,RESISTANCE,"betalactamase"                     ,80.0         ,80.0              ,
blaCTXM47_1                       ,                ,RESISTANT ,RESISTANCE,"betalactamase"                     ,80.0         ,80.0              ,
blaCTXM14_45                      ,                ,RESISTANT ,RESISTANCE,"betalactamase"                     ,80.0         ,80.0              ,
blaCTXM49_1                       ,                ,RESISTANT ,RESISTANCE,"betalactamase"                     ,80.0         ,80.0              ,
blaCTXM14_43                      ,                ,RESISTANT ,RESISTANCE,"betalactamase"                     ,80.0         ,80.0              ,
blaCTXM46_1                       ,                ,RESISTANT ,RESISTANCE,"betalactamase"                     ,80.0         ,80.0              ,
blaCTXM14_41                      ,                ,RESISTANT ,RESISTANCE,"betalactamase"                     ,80.0         ,80.0              ,
blaCTXM50_1                       ,                ,RESISTANT ,RESISTANCE,"betalactamase"                     ,80.0         ,80.0              ,
blaCTXM14_42                      ,                ,RESISTANT ,RESISTANCE,"betalactamase"                     ,80.0         ,80.0              ,
blaCTXM24_1                       ,                ,RESISTANT ,RESISTANCE,"betalactamase"                     ,80.0         ,80.0              ,
blaCTXM24_8                       ,                ,RESISTANT ,RESISTANCE,"betalactamase"                     ,80.0         ,80.0              ,
blaCTXM67_1                       ,                ,RESISTANT ,RESISTANCE,"betalactamase"                     ,80.0         ,80.0              ,
blaCTXM84_1                       ,                ,RESISTANT ,RESISTANCE,"betalactamase"                     ,80.0         ,80.0              ,
blaCTXM85_1                       ,                ,RESISTANT ,RESISTANCE,"betalactamase"                     ,80.0         ,80.0              ,
blaCTXM86_1                       ,                ,RESISTANT ,RESISTANCE,"betalactamase"                     ,80.0         ,80.0              ,
blaCTXM78_1                       ,                ,RESISTANT ,RESISTANCE,"betalactamase"                     ,80.0         ,80.0              ,
blaCTXM26_1                       ,                ,RESISTANT ,RESISTANCE,"betalactamase"                     ,80.0         ,80.0              ,
blaCTXM25_1                       ,                ,RESISTANT ,RESISTANCE,"betalactamase"                     ,80.0         ,80.0              ,
blaCTXM91_1                       ,                ,RESISTANT ,RESISTANCE,"betalactamase"                     ,80.0         ,80.0              ,
blaCTXM89_2                       ,                ,RESISTANT ,RESISTANCE,"betalactamase"                     ,80.0         ,80.0              ,
blaCTXM39_1                       ,                ,RESISTANT ,RESISTANCE,"betalactamase"                     ,80.0         ,80.0              ,
blaCTXM100_1                      ,                ,RESISTANT ,RESISTANCE,"betalactamase"                     ,80.0         ,80.0              ,
blaCTXM94_1                       ,                ,RESISTANT ,RESISTANCE,"betalactamase"                     ,80.0         ,80.0              ,
blaCTXM41_1                       ,                ,RESISTANT ,RESISTANCE,"betalactamase"                     ,80.0         ,80.0              ,
blaCTXM76_1                       ,                ,RESISTANT ,RESISTANCE,"betalactamase"                     ,80.0         ,80.0              ,
blaCTXM5_6                        ,                ,RESISTANT ,RESISTANCE,"betalactamase"                     ,80.0         ,80.0              ,
blaCTXM95_1                       ,                ,RESISTANT ,RESISTANCE,"betalactamase"                     ,80.0         ,80.0              ,
blaCTXM20_1                       ,                ,RESISTANT ,RESISTANCE,"betalactamase"                     ,80.0         ,80.0              ,
blaCTXM2_1                        ,                ,RESISTANT ,RESISTANCE,"betalactamase"                     ,80.0         ,80.0              ,
blaCTXM35_1                       ,                ,RESISTANT ,RESISTANCE,"betalactamase"                     ,80.0         ,80.0              ,
blaCTXM59_1                       ,                ,RESISTANT ,RESISTANCE,"betalactamase"                     ,80.0         ,80.0              ,
blaCTXM44_1                       ,                ,RESISTANT ,RESISTANCE,"betalactamase"                     ,80.0         ,80.0              ,
blaCTXM43_1                       ,                ,RESISTANT ,RESISTANCE,"betalactamase"                     ,80.0         ,80.0              ,
blaCTXM56_1                       ,                ,RESISTANT ,RESISTANCE,"betalactamase"                     ,80.0         ,80.0              ,
blaCTXM31_1                       ,                ,RESISTANT ,RESISTANCE,"betalactamase"                     ,80.0         ,80.0              ,
blaCTXM92_1                       ,                ,RESISTANT ,RESISTANCE,"betalactamase"                     ,80.0         ,80.0              ,
blaCTXM97_1                       ,                ,RESISTANT ,RESISTANCE,"betalactamase"                     ,80.0         ,80.0              ,
blaCTXM6_1                        ,                ,RESISTANT ,RESISTANCE,"betalactamase"                     ,80.0         ,80.0              ,
blaCTXM4_1                        ,                ,RESISTANT ,RESISTANCE,"betalactamase"                     ,80.0         ,80.0              ,
blaCTXM5_8                        ,                ,RESISTANT ,RESISTANCE,"betalactamase"                     ,80.0         ,80.0              ,
blaCTXM64_1                       ,                ,RESISTANT ,RESISTANCE,"betalactamase"                     ,80.0         ,80.0              ,
blaCTXM68_1                       ,                ,RESISTANT ,RESISTANCE,"betalactamase"                     ,80.0         ,80.0              ,
blaCTXM10_1                       ,                ,RESISTANT ,RESISTANCE,"betalactamase"                     ,80.0         ,80.0              ,
blaCTXM53_1                       ,                ,RESISTANT ,RESISTANCE,"betalactamase"                     ,80.0         ,80.0              ,
blaCTXM34_1                       ,                ,RESISTANT ,RESISTANCE,"betalactamase"                     ,80.0         ,80.0              ,
blaCTXM37_2                       ,                ,RESISTANT ,RESISTANCE,"betalactamase"                     ,80.0         ,80.0              ,
blaCTXM62_1                       ,                ,RESISTANT ,RESISTANCE,"betalactamase"                     ,80.0         ,80.0              ,
blaCTXM3_8                        ,                ,RESISTANT ,RESISTANCE,"betalactamase"                     ,80.0         ,80.0              ,
blaCTXM30_1                       ,                ,RESISTANT ,RESISTANCE,"betalactamase"                     ,80.0         ,80.0              ,
blaCTXM29_1                       ,                ,RESISTANT ,RESISTANCE,"betalactamase"                     ,80.0         ,80.0              ,
blaCTXM96_1                       ,                ,RESISTANT ,RESISTANCE,"betalactamase"                     ,80.0         ,80.0              ,
blaCTXM12_1                       ,                ,RESISTANT ,RESISTANCE,"betalactamase"                     ,80.0         ,80.0              ,
blaCTXM60_1                       ,                ,RESISTANT ,RESISTANCE,"betalactamase"                     ,80.0         ,80.0              ,
blaCTXM15_70                      ,                ,RESISTANT ,RESISTANCE,"betalactamase"                     ,80.0         ,80.0              ,
blaCTXM116_1                      ,                ,RESISTANT ,RESISTANCE,"betalactamase"                     ,80.0         ,80.0              ,
blaCTXM36_1                       ,                ,RESISTANT ,RESISTANCE,"betalactamase"                     ,80.0         ,80.0              ,
blaCTXM32_2                       ,                ,RESISTANT ,RESISTANCE,"betalactamase"                     ,80.0         ,80.0              ,
blaCTXM58_1                       ,                ,RESISTANT ,RESISTANCE,"betalactamase"                     ,80.0         ,80.0              ,
blaCTXM1_4                        ,                ,RESISTANT ,RESISTANCE,"betalactamase"                     ,80.0         ,80.0              ,
blaCTXM1_6                        ,                ,RESISTANT ,RESISTANCE,"betalactamase"                     ,80.0         ,80.0              ,
blaCTXM61_1                       ,                ,RESISTANT ,RESISTANCE,"betalactamase"                     ,80.0         ,80.0              ,
blaCTXM23_1                       ,                ,RESISTANT ,RESISTANCE,"betalactamase"                     ,80.0         ,80.0              ,
blaCTXM15_82                      ,                ,RESISTANT ,RESISTANCE,"betalactamase"                     ,80.0         ,80.0              ,
blaCTXM82_1                       ,                ,RESISTANT ,RESISTANCE,"betalactamase"                     ,80.0         ,80.0              ,
blaCTXM3_2                        ,                ,RESISTANT ,RESISTANCE,"betalactamase"                     ,80.0         ,80.0              ,
blaCTXM80_1                       ,                ,RESISTANT ,RESISTANCE,"betalactamase"                     ,80.0         ,80.0              ,
blaCTXM38_1                       ,                ,RESISTANT ,RESISTANCE,"betalactamase"                     ,80.0         ,80.0              ,
blaCTXM42_1                       ,                ,RESISTANT ,RESISTANCE,"betalactamase"                     ,80.0         ,80.0              ,
blaCTXM54_1                       ,                ,RESISTANT ,RESISTANCE,"betalactamase"                     ,80.0         ,80.0              ,
blaCTXM89_1                       ,                ,RESISTANT ,RESISTANCE,"betalactamase"                     ,80.0         ,80.0              ,
blaCTXM66_1                       ,                ,RESISTANT ,RESISTANCE,"betalactamase"                     ,80.0         ,80.0              ,
blaCTXM3_16                       ,                ,RESISTANT ,RESISTANCE,"betalactamase"                     ,80.0         ,80.0              ,
blaCTXM22_1                       ,                ,RESISTANT ,RESISTANCE,"betalactamase"                     ,80.0         ,80.0              ,
blaCTXM22_3                       ,                ,RESISTANT ,RESISTANCE,"betalactamase"                     ,80.0         ,80.0              ,
blaCTXM15_64                      ,                ,RESISTANT ,RESISTANCE,"betalactamase"                     ,80.0         ,80.0              ,
blaCTXM28_6                       ,                ,RESISTANT ,RESISTANCE,"betalactamase"                     ,80.0         ,80.0              ,
blaCTXM15_23                      ,                ,RESISTANT ,RESISTANCE,"betalactamase"                     ,80.0         ,80.0              ,
blaCTXM71_1                       ,                ,RESISTANT ,RESISTANCE,"betalactamase"                     ,80.0         ,80.0              ,
blaCTXM88_1                       ,                ,RESISTANT ,RESISTANCE,"betalactamase"                     ,80.0         ,80.0              ,
blaCTXM11_1                       ,                ,RESISTANT ,RESISTANCE,"betalactamase"                     ,80.0         ,80.0              ,
blaCTXM15_78                      ,                ,RESISTANT ,RESISTANCE,"betalactamase"                     ,80.0         ,80.0              ,
blaCTXM101_1                      ,                ,RESISTANT ,RESISTANCE,"betalactamase"                     ,80.0         ,80.0              ,
blaCTXM55_2                       ,                ,RESISTANT ,RESISTANCE,"betalactamase"                     ,80.0         ,80.0              ,
blaCTXM114_1                      ,                ,RESISTANT ,RESISTANCE,"betalactamase"                     ,80.0         ,80.0              ,
blaCTXM69_1                       ,                ,RESISTANT ,RESISTANCE,"betalactamase"                     ,80.0         ,80.0              ,
blaCTXM79_1                       ,                ,RESISTANT ,RESISTANCE,"betalactamase"                     ,80.0         ,80.0              ,
blaCTXM63_1                       ,                ,RESISTANT ,RESISTANCE,"betalactamase"                     ,80.0         ,80.0              ,
blaCTXM40_1                       ,                ,RESISTANT ,RESISTANCE,"betalactamase"                     ,80.0         ,80.0              ,
blaDES1_1                         ,                ,RESISTANT ,RESISTANCE,"betalactamase"                     ,80.0         ,80.0              ,
blaDHA3_1                         ,                ,RESISTANT ,RESISTANCE,"betalactamase"                     ,80.0         ,80.0              ,
blaDHA7_1                         ,                ,RESISTANT ,RESISTANCE,"betalactamase"                     ,80.0         ,80.0              ,
blaDHA6_1                         ,                ,RESISTANT ,RESISTANCE,"betalactamase"                     ,80.0         ,80.0              ,
blaDHA1_2                         ,                ,RESISTANT ,RESISTANCE,"betalactamase"                     ,80.0         ,80.0              ,
blaDHA5_1                         ,                ,RESISTANT ,RESISTANCE,"betalactamase"                     ,80.0         ,80.0              ,
blaDHA2_1                         ,                ,RESISTANT ,RESISTANCE,"betalactamase"                     ,80.0         ,80.0              ,
blaDIM1_1                         ,                ,RESISTANT ,RESISTANCE,"betalactamase"                     ,80.0         ,80.0              ,
blaEBR1_1                         ,                ,RESISTANT ,RESISTANCE,"betalactamase"                     ,80.0         ,80.0              ,
blaERP1_1                         ,                ,RESISTANT ,RESISTANCE,"betalactamase"                     ,80.0         ,80.0              ,
blaFAR1_1                         ,                ,RESISTANT ,RESISTANCE,"betalactamase"                     ,80.0         ,80.0              ,
blaFONA5_1                        ,                ,RESISTANT ,RESISTANCE,"betalactamase"                     ,80.0         ,80.0              ,
blaFONA1_1                        ,                ,RESISTANT ,RESISTANCE,"betalactamase"                     ,80.0         ,80.0              ,
blaFONA4_1                        ,                ,RESISTANT ,RESISTANCE,"betalactamase"                     ,80.0         ,80.0              ,
blaFONA2_1                        ,                ,RESISTANT ,RESISTANCE,"betalactamase"                     ,80.0         ,80.0              ,
blaFONA3_1                        ,                ,RESISTANT ,RESISTANCE,"betalactamase"                     ,80.0         ,80.0              ,
blaFONA6_1                        ,                ,RESISTANT ,RESISTANCE,"betalactamase"                     ,80.0         ,80.0              ,
blaFOX8_1                         ,                ,RESISTANT ,RESISTANCE,"betalactamase"                     ,80.0         ,80.0              ,
blaFOX3_1                         ,                ,RESISTANT ,RESISTANCE,"betalactamase"                     ,80.0         ,80.0              ,
blaFOX5_1                         ,                ,RESISTANT ,RESISTANCE,"betalactamase"                     ,80.0         ,80.0              ,
blaFOX6_1                         ,                ,RESISTANT ,RESISTANCE,"betalactamase"                     ,80.0         ,80.0              ,
blaFOX2_1                         ,                ,RESISTANT ,RESISTANCE,"betalactamase"                     ,80.0         ,80.0              ,
blaFOX1_1                         ,                ,RESISTANT ,RESISTANCE,"betalactamase"                     ,80.0         ,80.0              ,
blaFOX7_1                         ,                ,RESISTANT ,RESISTANCE,"betalactamase"                     ,80.0         ,80.0              ,
blaFOX4_1                         ,                ,RESISTANT ,RESISTANCE,"betalactamase"                     ,80.0         ,80.0              ,
blaFOX9_1                         ,                ,RESISTANT ,RESISTANCE,"betalactamase"                     ,80.0         ,80.0              ,
blaGES8_1                         ,                ,RESISTANT ,RESISTANCE,"betalactamase"                     ,80.0         ,80.0              ,
blaGES4_1                         ,                ,RESISTANT ,RESISTANCE,"betalactamase"                     ,80.0         ,80.0              ,
blaGES3_1                         ,                ,RESISTANT ,RESISTANCE,"betalactamase"                     ,80.0         ,80.0              ,
blaGES10_1                        ,                ,RESISTANT ,RESISTANCE,"betalactamase"                     ,80.0         ,80.0              ,
blaGES9_1                         ,                ,RESISTANT ,RESISTANCE,"betalactamase"                     ,80.0         ,80.0              ,
blaGES7_1                         ,                ,RESISTANT ,RESISTANCE,"betalactamase"                     ,80.0         ,80.0              ,
blaGES14_1                        ,                ,RESISTANT ,RESISTANCE,"betalactamase"                     ,80.0         ,80.0              ,
blaGES11_1                        ,                ,RESISTANT ,RESISTANCE,"betalactamase"                     ,80.0         ,80.0              ,
blaGES12_1                        ,                ,RESISTANT ,RESISTANCE,"betalactamase"                     ,80.0         ,80.0              ,
blaGES17_1                        ,                ,RESISTANT ,RESISTANCE,"betalactamase"                     ,80.0         ,80.0              ,
blaGES1_1                         ,                ,RESISTANT ,RESISTANCE,"betalactamase"                     ,80.0         ,80.0              ,
blaGES6_1                         ,                ,RESISTANT ,RESISTANCE,"betalactamase"                     ,80.0         ,80.0              ,
blaGES13_1                        ,                ,RESISTANT ,RESISTANCE,"betalactamase"                     ,80.0         ,80.0              ,
blaGES2_1                         ,                ,RESISTANT ,RESISTANCE,"betalactamase"                     ,80.0         ,80.0              ,
blaGES5_1                         ,                ,RESISTANT ,RESISTANCE,"betalactamase"                     ,80.0         ,80.0              ,
blaGES15_1                        ,                ,RESISTANT ,RESISTANCE,"betalactamase"                     ,80.0         ,80.0              ,
blaGES16_1                        ,                ,RESISTANT ,RESISTANCE,"betalactamase"                     ,80.0         ,80.0              ,
blaGIM1_1                         ,                ,RESISTANT ,RESISTANCE,"betalactamase"                     ,80.0         ,80.0              ,
blaGOB11_1                        ,                ,RESISTANT ,RESISTANCE,"betalactamase"                     ,80.0         ,80.0              ,
blaGOB15_1                        ,                ,RESISTANT ,RESISTANCE,"betalactamase"                     ,80.0         ,80.0              ,
blaGOB13_1                        ,                ,RESISTANT ,RESISTANCE,"betalactamase"                     ,80.0         ,80.0              ,
blaGOB13_2                        ,                ,RESISTANT ,RESISTANCE,"betalactamase"                     ,80.0         ,80.0              ,
blaGOB14_1                        ,                ,RESISTANT ,RESISTANCE,"betalactamase"                     ,80.0         ,80.0              ,
blaGOB12_1                        ,                ,RESISTANT ,RESISTANCE,"betalactamase"                     ,80.0         ,80.0              ,
blaGOB1_1                         ,                ,RESISTANT ,RESISTANCE,"betalactamase"                     ,80.0         ,80.0              ,
blaGOB10_1                        ,                ,RESISTANT ,RESISTANCE,"betalactamase"                     ,80.0         ,80.0              ,
blaGOB8_1                         ,                ,RESISTANT ,RESISTANCE,"betalactamase"                     ,80.0         ,80.0              ,
blaGOB9_1                         ,                ,RESISTANT ,RESISTANCE,"betalactamase"                     ,80.0         ,80.0              ,
blaGOB1_2                         ,                ,RESISTANT ,RESISTANCE,"betalactamase"                     ,80.0         ,80.0              ,
blaGOB18_1                        ,                ,RESISTANT ,RESISTANCE,"betalactamase"                     ,80.0         ,80.0              ,
blaGOB17_1                        ,                ,RESISTANT ,RESISTANCE,"betalactamase"                     ,80.0         ,80.0              ,
blaGOB16_2                        ,                ,RESISTANT ,RESISTANCE,"betalactamase"                     ,80.0         ,80.0              ,
blaGOB16_1                        ,                ,RESISTANT ,RESISTANCE,"betalactamase"                     ,80.0         ,80.0              ,
blaHERA2_1                        ,                ,RESISTANT ,RESISTANCE,"betalactamase"                     ,80.0         ,80.0              ,
blaHERA1_1                        ,                ,RESISTANT ,RESISTANCE,"betalactamase"                     ,80.0         ,80.0              ,
blaHERA3_1                        ,                ,RESISTANT ,RESISTANCE,"betalactamase"                     ,80.0         ,80.0              ,
blaHERA4_1                        ,                ,RESISTANT ,RESISTANCE,"betalactamase"                     ,80.0         ,80.0              ,
blaHERA5_1                        ,                ,RESISTANT ,RESISTANCE,"betalactamase"                     ,80.0         ,80.0              ,
blaHERA6_1                        ,                ,RESISTANT ,RESISTANCE,"betalactamase"                     ,80.0         ,80.0              ,
blaHERA7_1                        ,                ,RESISTANT ,RESISTANCE,"betalactamase"                     ,80.0         ,80.0              ,
blaHERA8_1                        ,                ,RESISTANT ,RESISTANCE,"betalactamase"                     ,80.0         ,80.0              ,
blaIMI1_1                         ,                ,RESISTANT ,RESISTANCE,"betalactamase"                     ,80.0         ,80.0              ,
blaIMI2_1                         ,                ,RESISTANT ,RESISTANCE,"betalactamase"                     ,80.0         ,80.0              ,
blaIMP1_1                         ,                ,RESISTANT ,RESISTANCE,"betalactamase"                     ,80.0         ,80.0              ,
blaIMP5_1                         ,                ,RESISTANT ,RESISTANCE,"betalactamase"                     ,80.0         ,80.0              ,
blaIMP27_1                        ,                ,RESISTANT ,RESISTANCE,"betalactamase"                     ,80.0         ,80.0              ,
blaIMP18_1                        ,                ,RESISTANT ,RESISTANCE,"betalactamase"                     ,80.0         ,80.0              ,
blaIMP1_5                         ,                ,RESISTANT ,RESISTANCE,"betalactamase"                     ,80.0         ,80.0              ,
blaIMP19_1                        ,                ,RESISTANT ,RESISTANCE,"betalactamase"                     ,80.0         ,80.0              ,
blaIMP6_1                         ,                ,RESISTANT ,RESISTANCE,"betalactamase"                     ,80.0         ,80.0              ,
blaIMP25_1                        ,                ,RESISTANT ,RESISTANCE,"betalactamase"                     ,80.0         ,80.0              ,
blaIMP13_1                        ,                ,RESISTANT ,RESISTANCE,"betalactamase"                     ,80.0         ,80.0              ,
blaIMP26_1                        ,                ,RESISTANT ,RESISTANCE,"betalactamase"                     ,80.0         ,80.0              ,
blaIMP4_2                         ,                ,RESISTANT ,RESISTANCE,"betalactamase"                     ,80.0         ,80.0              ,
blaIMP4_3                         ,                ,RESISTANT ,RESISTANCE,"betalactamase"                     ,80.0         ,80.0              ,
blaIMP9_1                         ,                ,RESISTANT ,RESISTANCE,"betalactamase"                     ,80.0         ,80.0              ,
blaIMP25_3                        ,                ,RESISTANT ,RESISTANCE,"betalactamase"                     ,80.0         ,80.0              ,
blaIMP8_1                         ,                ,RESISTANT ,RESISTANCE,"betalactamase"                     ,80.0         ,80.0              ,
blaIMP15_1                        ,                ,RESISTANT ,RESISTANCE,"betalactamase"                     ,80.0         ,80.0              ,
blaIMP22_2                        ,                ,RESISTANT ,RESISTANCE,"betalactamase"                     ,80.0         ,80.0              ,
blaIMP14_1                        ,                ,RESISTANT ,RESISTANCE,"betalactamase"                     ,80.0         ,80.0              ,
blaIMP14_2                        ,                ,RESISTANT ,RESISTANCE,"betalactamase"                     ,80.0         ,80.0              ,
blaIMP1_11                        ,                ,RESISTANT ,RESISTANCE,"betalactamase"                     ,80.0         ,80.0              ,
blaIMP16_1                        ,                ,RESISTANT ,RESISTANCE,"betalactamase"                     ,80.0         ,80.0              ,
blaIMP10_1                        ,                ,RESISTANT ,RESISTANCE,"betalactamase"                     ,80.0         ,80.0              ,
blaIMP4_6                         ,                ,RESISTANT ,RESISTANCE,"betalactamase"                     ,80.0         ,80.0              ,
blaIMP13_5                        ,                ,RESISTANT ,RESISTANCE,"betalactamase"                     ,80.0         ,80.0              ,
blaIMP12_3                        ,                ,RESISTANT ,RESISTANCE,"betalactamase"                     ,80.0         ,80.0              ,
blaIMP2_1                         ,                ,RESISTANT ,RESISTANCE,"betalactamase"                     ,80.0         ,80.0              ,
blaIMP14_3                        ,                ,RESISTANT ,RESISTANCE,"betalactamase"                     ,80.0         ,80.0              ,
blaIMP28_1                        ,                ,RESISTANT ,RESISTANCE,"betalactamase"                     ,80.0         ,80.0              ,
blaIMP29_1                        ,                ,RESISTANT ,RESISTANCE,"betalactamase"                     ,80.0         ,80.0              ,
blaIMP32                          ,                ,RESISTANT ,RESISTANCE,"betalactamase"                     ,80.0         ,80.0              ,
blaIMP33_1                        ,                ,RESISTANT ,RESISTANCE,"betalactamase"                     ,80.0         ,80.0              ,
blaIMP34_1                        ,                ,RESISTANT ,RESISTANCE,"betalactamase"                     ,80.0         ,80.0              ,
blaIMP35_1                        ,                ,RESISTANT ,RESISTANCE,"betalactamase"                     ,80.0         ,80.0              ,
blaIMP37_1                        ,                ,RESISTANT ,RESISTANCE,"betalactamase"                     ,80.0         ,80.0              ,
blaIMP38_1                        ,                ,RESISTANT ,RESISTANCE,"betalactamase"                     ,80.0         ,80.0              ,
blaIMP40_1                        ,                ,RESISTANT ,RESISTANCE,"betalactamase"                     ,80.0         ,80.0              ,
blaIMP41_1                        ,                ,RESISTANT ,RESISTANCE,"betalactamase"                     ,80.0         ,80.0              ,
blaIMP42_1                        ,                ,RESISTANT ,RESISTANCE,"betalactamase"                     ,80.0         ,80.0              ,
blaIND2c_1                        ,                ,RESISTANT ,RESISTANCE,"betalactamase"                     ,80.0         ,80.0              ,
blaIND7_1                         ,                ,RESISTANT ,RESISTANCE,"betalactamase"                     ,80.0         ,80.0              ,
blaIND8_1                         ,                ,RESISTANT ,RESISTANCE,"betalactamase"                     ,80.0         ,80.0              ,
blaIND9_1                         ,                ,RESISTANT ,RESISTANCE,"betalactamase"                     ,80.0         ,80.0              ,
blaIND10_1                        ,                ,RESISTANT ,RESISTANCE,"betalactamase"                     ,80.0         ,80.0              ,
blaIND14_1                        ,                ,RESISTANT ,RESISTANCE,"betalactamase"                     ,80.0         ,80.0              ,
blaIND11_1                        ,                ,RESISTANT ,RESISTANCE,"betalactamase"                     ,80.0         ,80.0              ,
blaIND12_1                        ,                ,RESISTANT ,RESISTANCE,"betalactamase"                     ,80.0         ,80.0              ,
blaIND13_1                        ,                ,RESISTANT ,RESISTANCE,"betalactamase"                     ,80.0         ,80.0              ,
blaIND1_1                         ,                ,RESISTANT ,RESISTANCE,"betalactamase"                     ,80.0         ,80.0              ,
blaIND2_2                         ,                ,RESISTANT ,RESISTANCE,"betalactamase"                     ,80.0         ,80.0              ,
blaIND2b_3                        ,                ,RESISTANT ,RESISTANCE,"betalactamase"                     ,80.0         ,80.0              ,
blaIND2a_4                        ,                ,RESISTANT ,RESISTANCE,"betalactamase"                     ,80.0         ,80.0              ,
blaIND3_1                         ,                ,RESISTANT ,RESISTANCE,"betalactamase"                     ,80.0         ,80.0              ,
blaIND4_1                         ,                ,RESISTANT ,RESISTANCE,"betalactamase"                     ,80.0         ,80.0              ,
blaIND5_1                         ,                ,RESISTANT ,RESISTANCE,"betalactamase"                     ,80.0         ,80.0              ,
blaIND6_1                         ,                ,RESISTANT ,RESISTANCE,"betalactamase"                     ,80.0         ,80.0              ,
blaIND15_1                        ,                ,RESISTANT ,RESISTANCE,"betalactamase"                     ,80.0         ,80.0              ,
blaJOHN1_1                        ,                ,RESISTANT ,RESISTANCE,"betalactamase"                     ,80.0         ,80.0              ,
blaKHM1_1                         ,                ,RESISTANT ,RESISTANCE,"betalactamase"                     ,80.0         ,80.0              ,
blaKPC3_1                         ,                ,RESISTANT ,RESISTANCE,"betalactamase"                     ,80.0         ,80.0              ,
blaKPC11_1                        ,                ,RESISTANT ,RESISTANCE,"betalactamase"                     ,80.0         ,80.0              ,
blaKPC7_1                         ,                ,RESISTANT ,RESISTANCE,"betalactamase"                     ,80.0         ,80.0              ,
blaKPC1_1                         ,                ,RESISTANT ,RESISTANCE,"betalactamase"                     ,80.0         ,80.0              ,
blaKPC8_1                         ,                ,RESISTANT ,RESISTANCE,"betalactamase"                     ,80.0         ,80.0              ,
blaKPC5_1                         ,                ,RESISTANT ,RESISTANCE,"betalactamase"                     ,80.0         ,80.0              ,
blaKPC4_1                         ,                ,RESISTANT ,RESISTANCE,"betalactamase"                     ,80.0         ,80.0              ,
blaKPC10_1                        ,                ,RESISTANT ,RESISTANCE,"betalactamase"                     ,80.0         ,80.0              ,
blaKPC6_1                         ,                ,RESISTANT ,RESISTANCE,"betalactamase"                     ,80.0         ,80.0              ,
blaL1_3                           ,                ,RESISTANT ,RESISTANCE,"betalactamase"                     ,80.0         ,80.0              ,
blaLAT1_1                         ,                ,RESISTANT ,RESISTANCE,"betalactamase"                     ,80.0         ,80.0              ,
blaLCR1_1                         ,                ,RESISTANT ,RESISTANCE,"betalactamase"                     ,80.0         ,80.0              ,
blaLEN16_1                        ,                ,RESISTANT ,RESISTANCE,"betalactamase"                     ,80.0         ,80.0              ,
blaLEN18_1                        ,                ,RESISTANT ,RESISTANCE,"betalactamase"                     ,80.0         ,80.0              ,
blaLEN19_1                        ,                ,RESISTANT ,RESISTANCE,"betalactamase"                     ,80.0         ,80.0              ,
blaLEN20_1                        ,                ,RESISTANT ,RESISTANCE,"betalactamase"                     ,80.0         ,80.0              ,
blaLEN21_1                        ,                ,RESISTANT ,RESISTANCE,"betalactamase"                     ,80.0         ,80.0              ,
blaLEN22_1                        ,                ,RESISTANT ,RESISTANCE,"betalactamase"                     ,80.0         ,80.0              ,
blaLEN23_1                        ,                ,RESISTANT ,RESISTANCE,"betalactamase"                     ,80.0         ,80.0              ,
blaLEN25_1                        ,                ,RESISTANT ,RESISTANCE,"betalactamase"                     ,80.0         ,80.0              ,
blaLEN2_1                         ,                ,RESISTANT ,RESISTANCE,"betalactamase"                     ,80.0         ,80.0              ,
blaLEN5_1                         ,                ,RESISTANT ,RESISTANCE,"betalactamase"                     ,80.0         ,80.0              ,
blaLUT1_1                         ,                ,RESISTANT ,RESISTANCE,"betalactamase"                     ,80.0         ,80.0              ,
blaMAL1_1                         ,                ,RESISTANT ,RESISTANCE,"betalactamase"                     ,80.0         ,80.0              ,
blaMAL1_2                         ,                ,RESISTANT ,RESISTANCE,"betalactamase"                     ,80.0         ,80.0              ,
blaMIR1_1                         ,                ,RESISTANT ,RESISTANCE,"betalactamase"                     ,80.0         ,80.0              ,
blaMIR3_1                         ,                ,RESISTANT ,RESISTANCE,"betalactamase"                     ,80.0         ,80.0              ,
blaMIR2_1                         ,                ,RESISTANT ,RESISTANCE,"betalactamase"                     ,80.0         ,80.0              ,
blaMIR4_1                         ,                ,RESISTANT ,RESISTANCE,"betalactamase"                     ,80.0         ,80.0              ,
blaMIR5_1                         ,                ,RESISTANT ,RESISTANCE,"betalactamase"                     ,80.0         ,80.0              ,
blaMOR_1                          ,                ,RESISTANT ,RESISTANCE,"betalactamase"                     ,80.0         ,80.0              ,
blaMOR2_1                         ,                ,RESISTANT ,RESISTANCE,"betalactamase"                     ,80.0         ,80.0              ,
blaMOX4_1                         ,                ,RESISTANT ,RESISTANCE,"betalactamase"                     ,80.0         ,80.0              ,
blaMOX5_1                         ,                ,RESISTANT ,RESISTANCE,"betalactamase"                     ,80.0         ,80.0              ,
blaMOX6_1                         ,                ,RESISTANT ,RESISTANCE,"betalactamase"                     ,80.0         ,80.0              ,
blaMOX7_1                         ,                ,RESISTANT ,RESISTANCE,"betalactamase"                     ,80.0         ,80.0              ,
blaMOX3_1                         ,                ,RESISTANT ,RESISTANCE,"betalactamase"                     ,80.0         ,80.0              ,
blaMOX2_1                         ,                ,RESISTANT ,RESISTANCE,"betalactamase"                     ,80.0         ,80.0              ,
blaMOX1_1                         ,                ,RESISTANT ,RESISTANCE,"betalactamase"                     ,80.0         ,80.0              ,
blaMUS1_1                         ,                ,RESISTANT ,RESISTANCE,"betalactamase"                     ,80.0         ,80.0              ,
blaNDM1_1                         ,                ,RESISTANT ,RESISTANCE,"metallobetalactamase"              ,80.0         ,80.0              ,
blaNMCA_1                         ,                ,RESISTANT ,RESISTANCE,"betalactamase"                     ,80.0         ,80.0              ,
blaNPS_1                          ,                ,RESISTANT ,RESISTANCE,"betalactamase"                     ,80.0         ,80.0              ,
blaOCH2_1                         ,                ,RESISTANT ,RESISTANCE,"betalactamase"                     ,80.0         ,80.0              ,
blaOCH3_1                         ,                ,RESISTANT ,RESISTANCE,"betalactamase"                     ,80.0         ,80.0              ,
blaOCH4_1                         ,                ,RESISTANT ,RESISTANCE,"betalactamase"                     ,80.0         ,80.0              ,
blaOCH5_1                         ,                ,RESISTANT ,RESISTANCE,"betalactamase"                     ,80.0         ,80.0              ,
blaOCH6_1                         ,                ,RESISTANT ,RESISTANCE,"betalactamase"                     ,80.0         ,80.0              ,
blaOCH7_1                         ,                ,RESISTANT ,RESISTANCE,"betalactamase"                     ,80.0         ,80.0              ,
blaOCH8_1                         ,                ,RESISTANT ,RESISTANCE,"betalactamase"                     ,80.0         ,80.0              ,
blaOKPA1_1                        ,                ,RESISTANT ,RESISTANCE,"betalactamase"                     ,80.0         ,80.0              ,
blaOKPA10_1                       ,                ,RESISTANT ,RESISTANCE,"betalactamase"                     ,80.0         ,80.0              ,
blaOKPA11_1                       ,                ,RESISTANT ,RESISTANCE,"betalactamase"                     ,80.0         ,80.0              ,
blaOKPA12_1                       ,                ,RESISTANT ,RESISTANCE,"betalactamase"                     ,80.0         ,80.0              ,
blaOKPA13_1                       ,                ,RESISTANT ,RESISTANCE,"betalactamase"                     ,80.0         ,80.0              ,
blaOKPA14_1                       ,                ,RESISTANT ,RESISTANCE,"betalactamase"                     ,80.0         ,80.0              ,
blaOKPA15_1                       ,                ,RESISTANT ,RESISTANCE,"betalactamase"                     ,80.0         ,80.0              ,
blaOKPA16_1                       ,                ,RESISTANT ,RESISTANCE,"betalactamase"                     ,80.0         ,80.0              ,
blaOKPA2_1                        ,                ,RESISTANT ,RESISTANCE,"betalactamase"                     ,80.0         ,80.0              ,
blaOKPA3_1                        ,                ,RESISTANT ,RESISTANCE,"betalactamase"                     ,80.0         ,80.0              ,
blaOKPA4_1                        ,                ,RESISTANT ,RESISTANCE,"betalactamase"                     ,80.0         ,80.0              ,
blaOKPA5_1                        ,                ,RESISTANT ,RESISTANCE,"betalactamase"                     ,80.0         ,80.0              ,
blaOKPA6_1                        ,                ,RESISTANT ,RESISTANCE,"betalactamase"                     ,80.0         ,80.0              ,
blaOKPA7_1                        ,                ,RESISTANT ,RESISTANCE,"betalactamase"                     ,80.0         ,80.0              ,
blaOKPA8_1                        ,                ,RESISTANT ,RESISTANCE,"betalactamase"                     ,80.0         ,80.0              ,
blaOKPA9_1                        ,                ,RESISTANT ,RESISTANCE,"betalactamase"                     ,80.0         ,80.0              ,
blaOKPB1_1                        ,                ,RESISTANT ,RESISTANCE,"betalactamase"                     ,80.0         ,80.0              ,
blaOKPB10_1                       ,                ,RESISTANT ,RESISTANCE,"betalactamase"                     ,80.0         ,80.0              ,
blaOKPB11_1                       ,                ,RESISTANT ,RESISTANCE,"betalactamase"                     ,80.0         ,80.0              ,
blaOKPB13_1                       ,                ,RESISTANT ,RESISTANCE,"betalactamase"                     ,80.0         ,80.0              ,
blaOKPB15_1                       ,                ,RESISTANT ,RESISTANCE,"betalactamase"                     ,80.0         ,80.0              ,
blaOKPB16_1                       ,                ,RESISTANT ,RESISTANCE,"betalactamase"                     ,80.0         ,80.0              ,
blaOKPB17_1                       ,                ,RESISTANT ,RESISTANCE,"betalactamase"                     ,80.0         ,80.0              ,
blaOKPB18_1                       ,                ,RESISTANT ,RESISTANCE,"betalactamase"                     ,80.0         ,80.0              ,
blaOKPB19_1                       ,                ,RESISTANT ,RESISTANCE,"betalactamase"                     ,80.0         ,80.0              ,
blaOKPB2_1                        ,                ,RESISTANT ,RESISTANCE,"betalactamase"                     ,80.0         ,80.0              ,
blaOKPB20_1                       ,                ,RESISTANT ,RESISTANCE,"betalactamase"                     ,80.0         ,80.0              ,
blaOKPB3_1                        ,                ,RESISTANT ,RESISTANCE,"betalactamase"                     ,80.0         ,80.0              ,
blaOKPB4_1                        ,                ,RESISTANT ,RESISTANCE,"betalactamase"                     ,80.0         ,80.0              ,
blaOKPB5_1                        ,                ,RESISTANT ,RESISTANCE,"betalactamase"                     ,80.0         ,80.0              ,
blaOKPB6_1                        ,                ,RESISTANT ,RESISTANCE,"betalactamase"                     ,80.0         ,80.0              ,
blaOKPB7_1                        ,                ,RESISTANT ,RESISTANCE,"betalactamase"                     ,80.0         ,80.0              ,
blaOKPB8_1                        ,                ,RESISTANT ,RESISTANCE,"betalactamase"                     ,80.0         ,80.0              ,
blaOKPB9_1                        ,                ,RESISTANT ,RESISTANCE,"betalactamase"                     ,80.0         ,80.0              ,
blaOXA104_1                       ,                ,RESISTANT ,RESISTANCE,"betalactamase"                     ,80.0         ,80.0              ,
blaOXA101_1                       ,                ,RESISTANT ,RESISTANCE,"betalactamase"                     ,80.0         ,80.0              ,
blaOXA13_1                        ,                ,RESISTANT ,RESISTANCE,"betalactamase"                     ,80.0         ,80.0              ,
blaOXA13_1                        ,                ,RESISTANT ,RESISTANCE,"betalactamase"                     ,80.0         ,80.0              ,
blaOXA183_1                       ,                ,RESISTANT ,RESISTANCE,"betalactamase"                     ,80.0         ,80.0              ,
blaOXA19_1                        ,                ,RESISTANT ,RESISTANCE,"betalactamase"                     ,80.0         ,80.0              ,
blaOXA56_1                        ,                ,RESISTANT ,RESISTANCE,"betalactamase"                     ,80.0         ,80.0              ,
blaOXA7_1                         ,                ,RESISTANT ,RESISTANCE,"betalactamase"                     ,80.0         ,80.0              ,
blaOXA145_1                       ,                ,RESISTANT ,RESISTANCE,"betalactamase"                     ,80.0         ,80.0              ,
blaOXA147_1                       ,                ,RESISTANT ,RESISTANCE,"betalactamase"                     ,80.0         ,80.0              ,
blaOXA28_1                        ,                ,RESISTANT ,RESISTANCE,"betalactamase"                     ,80.0         ,80.0              ,
blaOXA35_1                        ,                ,RESISTANT ,RESISTANCE,"betalactamase"                     ,80.0         ,80.0              ,
blaOXA74_1                        ,                ,RESISTANT ,RESISTANCE,"betalactamase"                     ,80.0         ,80.0              ,
blaOXA17_2                        ,                ,RESISTANT ,RESISTANCE,"betalactamase"                     ,80.0         ,80.0              ,
blaOXA142_1                       ,                ,RESISTANT ,RESISTANCE,"betalactamase"                     ,80.0         ,80.0              ,
blaOXA10a_1                       ,                ,RESISTANT ,RESISTANCE,"betalactamase"                     ,80.0         ,80.0              ,
blaOXA10                          ,                ,RESISTANT ,RESISTANCE,"betalactamase"                     ,80.0         ,80.0              ,
blaOXA11_1                        ,                ,RESISTANT ,RESISTANCE,"betalactamase"                     ,80.0         ,80.0              ,
blaOXA114d_4                      ,                ,RESISTANT ,RESISTANCE,"betalactamase"                     ,80.0         ,80.0              ,
blaOXA114b_6                      ,                ,RESISTANT ,RESISTANCE,"betalactamase"                     ,80.0         ,80.0              ,
blaOXA114f_2                      ,                ,RESISTANT ,RESISTANCE,"betalactamase"                     ,80.0         ,80.0              ,
blaOXA114a                        ,                ,RESISTANT ,RESISTANCE,"betalactamase"                     ,80.0         ,80.0              ,
blaOXA114e_3                      ,                ,RESISTANT ,RESISTANCE,"betalactamase"                     ,80.0         ,80.0              ,
blaOXA114c_5                      ,                ,RESISTANT ,RESISTANCE,"betalactamase"                     ,80.0         ,80.0              ,
blaOXA114g_1                      ,                ,RESISTANT ,RESISTANCE,"betalactamase"                     ,80.0         ,80.0              ,
blaOXA12_1                        ,                ,RESISTANT ,RESISTANCE,"betalactamase"                     ,80.0         ,80.0              ,
blaOXA134_2                       ,                ,RESISTANT ,RESISTANCE,"betalactamase"                     ,80.0         ,80.0              ,
blaOXA18_1                        ,                ,RESISTANT ,RESISTANCE,"betalactamase"                     ,80.0         ,80.0              ,
blaOXA198_1                       ,                ,RESISTANT ,RESISTANCE,"betalactamase"                     ,80.0         ,80.0              ,
blaOXA209_1                       ,                ,RESISTANT ,RESISTANCE,"betalactamase"                     ,80.0         ,80.0              ,
blaOXA20_1                        ,                ,RESISTANT ,RESISTANCE,"betalactamase"                     ,80.0         ,80.0              ,
blaOXA37_1                        ,                ,RESISTANT ,RESISTANCE,"betalactamase"                     ,80.0         ,80.0              ,
blaOXA22_1                        ,                ,RESISTANT ,RESISTANCE,"betalactamase"                     ,80.0         ,80.0              ,
blaOXA133_1                       ,                ,RESISTANT ,RESISTANCE,"betalactamase"                     ,80.0         ,80.0              ,
blaOXA49_1                        ,                ,RESISTANT ,RESISTANCE,"betalactamase"                     ,80.0         ,80.0              ,
blaOXA166_1                       ,                ,RESISTANT ,RESISTANCE,"betalactamase"                     ,80.0         ,80.0              ,
blaOXA167_1                       ,                ,RESISTANT ,RESISTANCE,"betalactamase"                     ,80.0         ,80.0              ,
blaOXA170_1                       ,                ,RESISTANT ,RESISTANCE,"betalactamase"                     ,80.0         ,80.0              ,
blaOXA168_1                       ,                ,RESISTANT ,RESISTANCE,"betalactamase"                     ,80.0         ,80.0              ,
blaOXA27_1                        ,                ,RESISTANT ,RESISTANCE,"betalactamase"                     ,80.0         ,80.0              ,
blaOXA73_1                        ,                ,RESISTANT ,RESISTANCE,"betalactamase"                     ,80.0         ,80.0              ,
blaOXA169_1                       ,                ,RESISTANT ,RESISTANCE,"betalactamase"                     ,80.0         ,80.0              ,
blaOXA165_1                       ,                ,RESISTANT ,RESISTANCE,"betalactamase"                     ,80.0         ,80.0              ,
blaOXA225_1                       ,                ,RESISTANT ,RESISTANCE,"betalactamase"                     ,80.0         ,80.0              ,
blaOXA171_1                       ,                ,RESISTANT ,RESISTANCE,"betalactamase"                     ,80.0         ,80.0              ,
blaOXA23_1                        ,                ,RESISTANT ,RESISTANCE,"betalactamase"                     ,80.0         ,80.0              ,
blaOXA146_1                       ,                ,RESISTANT ,RESISTANCE,"betalactamase"                     ,80.0         ,80.0              ,
blaOXA134_1                       ,                ,RESISTANT ,RESISTANCE,"betalactamase"                     ,80.0         ,80.0              ,
blaOXA182_1                       ,                ,RESISTANT ,RESISTANCE,"betalactamase"                     ,80.0         ,80.0              ,
blaOXA143_1                       ,                ,RESISTANT ,RESISTANCE,"betalactamase"                     ,80.0         ,80.0              ,
blaOXA26_1                        ,                ,RESISTANT ,RESISTANCE,"betalactamase"                     ,80.0         ,80.0              ,
blaOXA25_1                        ,                ,RESISTANT ,RESISTANCE,"betalactamase"                     ,80.0         ,80.0              ,
blaOXA160_1                       ,                ,RESISTANT ,RESISTANCE,"betalactamase"                     ,80.0         ,80.0              ,
blaOXA40_1                        ,                ,RESISTANT ,RESISTANCE,"betalactamase"                     ,80.0         ,80.0              ,
blaOXA139_1                       ,                ,RESISTANT ,RESISTANCE,"betalactamase"                     ,80.0         ,80.0              ,
blaOXA72_1                        ,                ,RESISTANT ,RESISTANCE,"betalactamase"                     ,80.0         ,80.0              ,
blaOXA50_1                        ,                ,RESISTANT ,RESISTANCE,"betalactamase"                     ,80.0         ,80.0              ,
blaOXA50_4                        ,                ,RESISTANT ,RESISTANCE,"betalactamase"                     ,80.0         ,80.0              ,
blaOXA67_1                        ,                ,RESISTANT ,RESISTANCE,"betalactamase"                     ,80.0         ,80.0              ,
blaOXA89_1                        ,                ,RESISTANT ,RESISTANCE,"betalactamase"                     ,80.0         ,80.0              ,
blaOXA62_1                        ,                ,RESISTANT ,RESISTANCE,"betalactamase"                     ,80.0         ,80.0              ,
blaOXA50_3                        ,                ,RESISTANT ,RESISTANCE,"betalactamase"                     ,80.0         ,80.0              ,
blaOXA50_2                        ,                ,RESISTANT ,RESISTANCE,"betalactamase"                     ,80.0         ,80.0              ,
blaOXA60_2                        ,                ,RESISTANT ,RESISTANCE,"betalactamase"                     ,80.0         ,80.0              ,
blaOXA60_3                        ,                ,RESISTANT ,RESISTANCE,"betalactamase"                     ,80.0         ,80.0              ,
blaOXA60_4                        ,                ,RESISTANT ,RESISTANCE,"betalactamase"                     ,80.0         ,80.0              ,
blaOXA60_1                        ,                ,RESISTANT ,RESISTANCE,"betalactamase"                     ,80.0         ,80.0              ,
blaOXA46_1                        ,                ,RESISTANT ,RESISTANCE,"betalactamase"                     ,80.0         ,80.0              ,
blaOXA205_1                       ,                ,RESISTANT ,RESISTANCE,"betalactamase"                     ,80.0         ,80.0              ,
blaOXA118_1                       ,                ,RESISTANT ,RESISTANCE,"betalactamase"                     ,80.0         ,80.0              ,
blaOXA119_1                       ,                ,RESISTANT ,RESISTANCE,"betalactamase"                     ,80.0         ,80.0              ,
blaOXA141_1                       ,                ,RESISTANT ,RESISTANCE,"betalactamase"                     ,80.0         ,80.0              ,
blaOXA210_1                       ,                ,RESISTANT ,RESISTANCE,"betalactamase"                     ,80.0         ,80.0              ,
blaOXA2_2                         ,                ,RESISTANT ,RESISTANCE,"betalactamase"                     ,80.0         ,80.0              ,
blaOXA161_1                       ,                ,RESISTANT ,RESISTANCE,"betalactamase"                     ,80.0         ,80.0              ,
blaOXA2_1                         ,                ,RESISTANT ,RESISTANCE,"betalactamase"                     ,80.0         ,80.0              ,
blaOXA15_1                        ,                ,RESISTANT ,RESISTANCE,"betalactamase"                     ,80.0         ,80.0              ,
blaOXA144_1                       ,                ,RESISTANT ,RESISTANCE,"betalactamase"                     ,80.0         ,80.0              ,
blaOXA32_1                        ,                ,RESISTANT ,RESISTANCE,"betalactamase"                     ,80.0         ,80.0              ,
blaOXA3_1                         ,                ,RESISTANT ,RESISTANCE,"betalactamase"                     ,80.0         ,80.0              ,
blaOXA21_2                        ,                ,RESISTANT ,RESISTANCE,"betalactamase"                     ,80.0         ,80.0              ,
blaOXA53_1                        ,                ,RESISTANT ,RESISTANCE,"betalactamase"                     ,80.0         ,80.0              ,
blaOXA4_1                         ,                ,RESISTANT ,RESISTANCE,"betalactamase"                     ,80.0         ,80.0              ,
blaOXA31_1                        ,                ,RESISTANT ,RESISTANCE,"betalactamase"                     ,80.0         ,80.0              ,
blaOXA224                         ,                ,RESISTANT ,RESISTANCE,"betalactamase"                     ,80.0         ,80.0              ,
blaOXA1_J02967                    ,                ,RESISTANT ,RESISTANCE,"betalactamase"                     ,80.0         ,80.0              ,
blaOXA30_2                        ,                ,RESISTANT ,RESISTANCE,"betalactamase"                     ,80.0         ,80.0              ,
blaOXA47_1                        ,                ,RESISTANT ,RESISTANCE,"betalactamase"                     ,80.0         ,80.0              ,
blaOXA29_1                        ,                ,RESISTANT ,RESISTANCE,"betalactamase"                     ,80.0         ,80.0              ,
blaOXA45_1                        ,                ,RESISTANT ,RESISTANCE,"betalactamase"                     ,80.0         ,80.0              ,
blaOXA9_2                         ,                ,RESISTANT ,RESISTANCE,"betalactamase"                     ,80.0         ,80.0              ,
blaOXA59_1                        ,                ,RESISTANT ,RESISTANCE,"betalactamase"                     ,80.0         ,80.0              ,
blaOXA43_1                        ,                ,RESISTANT ,RESISTANCE,"betalactamase"                     ,80.0         ,80.0              ,
blaOXA57_1                        ,                ,RESISTANT ,RESISTANCE,"betalactamase"                     ,80.0         ,80.0              ,
blaOXA42_1                        ,                ,RESISTANT ,RESISTANCE,"betalactamase"                     ,80.0         ,80.0              ,
blaOXA61_1                        ,                ,RESISTANT ,RESISTANCE,"betalactamase"                     ,80.0         ,80.0              ,
blaOXA137_1                       ,                ,RESISTANT ,RESISTANCE,"betalactamase"                     ,80.0         ,80.0              ,
blaOXA192_1                       ,                ,RESISTANT ,RESISTANCE,"betalactamase"                     ,80.0         ,80.0              ,
blaOXA136_1                       ,                ,RESISTANT ,RESISTANCE,"betalactamase"                     ,80.0         ,80.0              ,
blaOXA63_1                        ,                ,RESISTANT ,RESISTANCE,"betalactamase"                     ,80.0         ,80.0              ,
blaOXA136_2                       ,                ,RESISTANT ,RESISTANCE,"betalactamase"                     ,80.0         ,80.0              ,
blaOXA85_FUS1                     ,                ,RESISTANT ,RESISTANCE,"betalactamase"                     ,80.0         ,80.0              ,
blaOXA164_1                       ,                ,RESISTANT ,RESISTANCE,"betalactamase"                     ,80.0         ,80.0              ,
blaOXA58_1                        ,                ,RESISTANT ,RESISTANCE,"betalactamase"                     ,80.0         ,80.0              ,
blaOXA97_1                        ,                ,RESISTANT ,RESISTANCE,"betalactamase"                     ,80.0         ,80.0              ,
blaOXA96_1                        ,                ,RESISTANT ,RESISTANCE,"betalactamase"                     ,80.0         ,80.0              ,
blaOXA130_1                       ,                ,RESISTANT ,RESISTANCE,"betalactamase"                     ,80.0         ,80.0              ,
blaOXA51_4                        ,                ,RESISTANT ,RESISTANCE,"betalactamase"                     ,80.0         ,80.0              ,
blaOXA108_1                       ,                ,RESISTANT ,RESISTANCE,"betalactamase"                     ,80.0         ,80.0              ,
blaOXA88_1                        ,                ,RESISTANT ,RESISTANCE,"betalactamase"                     ,80.0         ,80.0              ,
blaOXA94_1                        ,                ,RESISTANT ,RESISTANCE,"betalactamase"                     ,80.0         ,80.0              ,
blaOXA65_1                        ,                ,RESISTANT ,RESISTANCE,"betalactamase"                     ,80.0         ,80.0              ,
blaOXA90_1                        ,                ,RESISTANT ,RESISTANCE,"betalactamase"                     ,80.0         ,80.0              ,
blaOXA200_1                       ,                ,RESISTANT ,RESISTANCE,"betalactamase"                     ,80.0         ,80.0              ,
blaOXA206                         ,                ,RESISTANT ,RESISTANCE,"betalactamase"                     ,80.0         ,80.0              ,
blaOXA84_1                        ,                ,RESISTANT ,RESISTANCE,"betalactamase"                     ,80.0         ,80.0              ,
blaOXA202_1                       ,                ,RESISTANT ,RESISTANCE,"betalactamase"                     ,80.0         ,80.0              ,
blaOXA196_1                       ,                ,RESISTANT ,RESISTANCE,"betalactamase"                     ,80.0         ,80.0              ,
blaOXA175_1                       ,                ,RESISTANT ,RESISTANCE,"betalactamase"                     ,80.0         ,80.0              ,
blaOXA138_1                       ,                ,RESISTANT ,RESISTANCE,"betalactamase"                     ,80.0         ,80.0              ,
blaOXA197_1                       ,                ,RESISTANT ,RESISTANCE,"betalactamase"                     ,80.0         ,80.0              ,
blaOXA194_1                       ,                ,RESISTANT ,RESISTANCE,"betalactamase"                     ,80.0         ,80.0              ,
blaOXA195_1                       ,                ,RESISTANT ,RESISTANCE,"betalactamase"                     ,80.0         ,80.0              ,
blaOXA176_1                       ,                ,RESISTANT ,RESISTANCE,"betalactamase"                     ,80.0         ,80.0              ,
blaOXA174_1                       ,                ,RESISTANT ,RESISTANCE,"betalactamase"                     ,80.0         ,80.0              ,
blaOXA177_1                       ,                ,RESISTANT ,RESISTANCE,"betalactamase"                     ,80.0         ,80.0              ,
blaOXA82_1                        ,                ,RESISTANT ,RESISTANCE,"betalactamase"                     ,80.0         ,80.0              ,
blaOXA51_3                        ,                ,RESISTANT ,RESISTANCE,"betalactamase"                     ,80.0         ,80.0              ,
blaOXA79_1                        ,                ,RESISTANT ,RESISTANCE,"betalactamase"                     ,80.0         ,80.0              ,
blaOXA80_1                        ,                ,RESISTANT ,RESISTANCE,"betalactamase"                     ,80.0         ,80.0              ,
blaOXA115_1                       ,                ,RESISTANT ,RESISTANCE,"betalactamase"                     ,80.0         ,80.0              ,
blaOXA178_1                       ,                ,RESISTANT ,RESISTANCE,"betalactamase"                     ,80.0         ,80.0              ,
blaOXA109_1                       ,                ,RESISTANT ,RESISTANCE,"betalactamase"                     ,80.0         ,80.0              ,
blaOXA201_1                       ,                ,RESISTANT ,RESISTANCE,"betalactamase"                     ,80.0         ,80.0              ,
blaOXA199_1                       ,                ,RESISTANT ,RESISTANCE,"betalactamase"                     ,80.0         ,80.0              ,
blaOXA66_4                        ,                ,RESISTANT ,RESISTANCE,"betalactamase"                     ,80.0         ,80.0              ,
blaOXA76_1                        ,                ,RESISTANT ,RESISTANCE,"betalactamase"                     ,80.0         ,80.0              ,
blaOXA131_1                       ,                ,RESISTANT ,RESISTANCE,"betalactamase"                     ,80.0         ,80.0              ,
blaOXA173_1                       ,                ,RESISTANT ,RESISTANCE,"betalactamase"                     ,80.0         ,80.0              ,
blaOXA172_1                       ,                ,RESISTANT ,RESISTANCE,"betalactamase"                     ,80.0         ,80.0              ,
blaOXA83_1                        ,                ,RESISTANT ,RESISTANCE,"betalactamase"                     ,80.0         ,80.0              ,
blaOXA95_1                        ,                ,RESISTANT ,RESISTANCE,"betalactamase"                     ,80.0         ,80.0              ,
blaOXA203_1                       ,                ,RESISTANT ,RESISTANCE,"betalactamase"                     ,80.0         ,80.0              ,
blaOXA150_1                       ,                ,RESISTANT ,RESISTANCE,"betalactamase"                     ,80.0         ,80.0              ,
blaOXA149_1                       ,                ,RESISTANT ,RESISTANCE,"betalactamase"                     ,80.0         ,80.0              ,
blaOXA68_1                        ,                ,RESISTANT ,RESISTANCE,"betalactamase"                     ,80.0         ,80.0              ,
blaOXA128_1                       ,                ,RESISTANT ,RESISTANCE,"betalactamase"                     ,80.0         ,80.0              ,
blaOXA144_2                       ,                ,RESISTANT ,RESISTANCE,"betalactamase"                     ,80.0         ,80.0              ,
blaOXA78_1                        ,                ,RESISTANT ,RESISTANCE,"betalactamase"                     ,80.0         ,80.0              ,
blaOXA217                         ,                ,RESISTANT ,RESISTANCE,"betalactamase"                     ,80.0         ,80.0              ,
blaOXA117_1                       ,                ,RESISTANT ,RESISTANCE,"betalactamase"                     ,80.0         ,80.0              ,
blaOXA98_1                        ,                ,RESISTANT ,RESISTANCE,"betalactamase"                     ,80.0         ,80.0              ,
blaOXA77_1                        ,                ,RESISTANT ,RESISTANCE,"betalactamase"                     ,80.0         ,80.0              ,
blaOXA91_1                        ,                ,RESISTANT ,RESISTANCE,"betalactamase"                     ,80.0         ,80.0              ,
blaOXA89_2                        ,                ,RESISTANT ,RESISTANCE,"betalactamase"                     ,80.0         ,80.0              ,
blaOXA75_1                        ,                ,RESISTANT ,RESISTANCE,"betalactamase"                     ,80.0         ,80.0              ,
blaOXA93_1                        ,                ,RESISTANT ,RESISTANCE,"betalactamase"                     ,80.0         ,80.0              ,
blaOXA106_1                       ,                ,RESISTANT ,RESISTANCE,"betalactamase"                     ,80.0         ,80.0              ,
blaOXA51_5                        ,                ,RESISTANT ,RESISTANCE,"betalactamase"                     ,80.0         ,80.0              ,
blaOXA70_1                        ,                ,RESISTANT ,RESISTANCE,"betalactamase"                     ,80.0         ,80.0              ,
blaOXA148_1                       ,                ,RESISTANT ,RESISTANCE,"betalactamase"                     ,80.0         ,80.0              ,
blaOXA51_7                        ,                ,RESISTANT ,RESISTANCE,"betalactamase"                     ,80.0         ,80.0              ,
blaOXA92_1                        ,                ,RESISTANT ,RESISTANCE,"betalactamase"                     ,80.0         ,80.0              ,
blaOXA112_1                       ,                ,RESISTANT ,RESISTANCE,"betalactamase"                     ,80.0         ,80.0              ,
blaOXA110_1                       ,                ,RESISTANT ,RESISTANCE,"betalactamase"                     ,80.0         ,80.0              ,
blaOXA69_1                        ,                ,RESISTANT ,RESISTANCE,"betalactamase"                     ,80.0         ,80.0              ,
blaOXA107_1                       ,                ,RESISTANT ,RESISTANCE,"betalactamase"                     ,80.0         ,80.0              ,
blaOXA51_10                       ,                ,RESISTANT ,RESISTANCE,"betalactamase"                     ,80.0         ,80.0              ,
blaOXA51_6                        ,                ,RESISTANT ,RESISTANCE,"betalactamase"                     ,80.0         ,80.0              ,
blaOXA208_1                       ,                ,RESISTANT ,RESISTANCE,"betalactamase"                     ,80.0         ,80.0              ,
blaOXA216_1                       ,                ,RESISTANT ,RESISTANCE,"betalactamase"                     ,80.0         ,80.0              ,
blaOXA180_1                       ,                ,RESISTANT ,RESISTANCE,"betalactamase"                     ,80.0         ,80.0              ,
blaOXA99_1                        ,                ,RESISTANT ,RESISTANCE,"betalactamase"                     ,80.0         ,80.0              ,
blaOXA111_1                       ,                ,RESISTANT ,RESISTANCE,"betalactamase"                     ,80.0         ,80.0              ,
blaOXA223_1                       ,                ,RESISTANT ,RESISTANCE,"betalactamase"                     ,80.0         ,80.0              ,
blaOXA219_1                       ,                ,RESISTANT ,RESISTANCE,"betalactamase"                     ,80.0         ,80.0              ,
blaOXA51_1                        ,                ,RESISTANT ,RESISTANCE,"betalactamase"                     ,80.0         ,80.0              ,
blaOXA132_1                       ,                ,RESISTANT ,RESISTANCE,"betalactamase"                     ,80.0         ,80.0              ,
blaOXA51_8                        ,                ,RESISTANT ,RESISTANCE,"betalactamase"                     ,80.0         ,80.0              ,
blaOXA179_1                       ,                ,RESISTANT ,RESISTANCE,"betalactamase"                     ,80.0         ,80.0              ,
blaOXA51_9                        ,                ,RESISTANT ,RESISTANCE,"betalactamase"                     ,80.0         ,80.0              ,
blaOXA71_1                        ,                ,RESISTANT ,RESISTANCE,"betalactamase"                     ,80.0         ,80.0              ,
blaOXA113_1                       ,                ,RESISTANT ,RESISTANCE,"betalactamase"                     ,80.0         ,80.0              ,
blaOXA64_1                        ,                ,RESISTANT ,RESISTANCE,"betalactamase"                     ,80.0         ,80.0              ,
blaOXA86_1                        ,                ,RESISTANT ,RESISTANCE,"betalactamase"                     ,80.0         ,80.0              ,
blaOXA87_1                        ,                ,RESISTANT ,RESISTANCE,"betalactamase"                     ,80.0         ,80.0              ,
blaOXA5_1                         ,                ,RESISTANT ,RESISTANCE,"betalactamase"                     ,80.0         ,80.0              ,
blaOXA129_1                       ,                ,RESISTANT ,RESISTANCE,"betalactamase"                     ,80.0         ,80.0              ,
blaOXA55_1                        ,                ,RESISTANT ,RESISTANCE,"betalactamase"                     ,80.0         ,80.0              ,
blaOXA162_1                       ,                ,RESISTANT ,RESISTANCE,"betalactamase"                     ,80.0         ,80.0              ,
blaOXA244_1                       ,                ,RESISTANT ,RESISTANCE,"betalactamase"                     ,80.0         ,80.0              ,
blaOXA48_2                        ,                ,RESISTANT ,RESISTANCE,"betalactamase"                     ,80.0         ,80.0              ,
blaOXA245_1                       ,                ,RESISTANT ,RESISTANCE,"betalactamase"                     ,80.0         ,80.0              ,
blaOXA163_1                       ,                ,RESISTANT ,RESISTANCE,"betalactamase"                     ,80.0         ,80.0              ,
blaOXA247_1                       ,                ,RESISTANT ,RESISTANCE,"betalactamase"                     ,80.0         ,80.0              ,
blaOXA181_1                       ,                ,RESISTANT ,RESISTANCE,"betalactamase"                     ,80.0         ,80.0              ,
blaOXA54_1                        ,                ,RESISTANT ,RESISTANCE,"betalactamase"                     ,80.0         ,80.0              ,
blaOXY3_1                         ,                ,RESISTANT ,RESISTANCE,"betalactamase"                     ,80.0         ,80.0              ,
blaOXY2_9                         ,                ,RESISTANT ,RESISTANCE,"betalactamase"                     ,80.0         ,80.0              ,
blaOXY2_4                         ,                ,RESISTANT ,RESISTANCE,"betalactamase"                     ,80.0         ,80.0              ,
blaOXY2_5                         ,                ,RESISTANT ,RESISTANCE,"betalactamase"                     ,80.0         ,80.0              ,
blaOXY2_3                         ,                ,RESISTANT ,RESISTANCE,"betalactamase"                     ,80.0         ,80.0              ,
blaOXY2_7                         ,                ,RESISTANT ,RESISTANCE,"betalactamase"                     ,80.0         ,80.0              ,
blaOXY2_6                         ,                ,RESISTANT ,RESISTANCE,"betalactamase"                     ,80.0         ,80.0              ,
blaOXY2_1                         ,                ,RESISTANT ,RESISTANCE,"betalactamase"                     ,80.0         ,80.0              ,
blaOXY2_2                         ,                ,RESISTANT ,RESISTANCE,"betalactamase"                     ,80.0         ,80.0              ,
blaOXY2_10                        ,                ,RESISTANT ,RESISTANCE,"betalactamase"                     ,80.0         ,80.0              ,
blaOXY2_8                         ,                ,RESISTANT ,RESISTANCE,"betalactamase"                     ,80.0         ,80.0              ,
blaOXY4_1                         ,                ,RESISTANT ,RESISTANCE,"betalactamase"                     ,80.0         ,80.0              ,
blaOXY5_1                         ,                ,RESISTANT ,RESISTANCE,"betalactamase"                     ,80.0         ,80.0              ,
blaOXY5_2                         ,                ,RESISTANT ,RESISTANCE,"betalactamase"                     ,80.0         ,80.0              ,
blaOXY6_3                         ,                ,RESISTANT ,RESISTANCE,"betalactamase"                     ,80.0         ,80.0              ,
blaOXY6_1                         ,                ,RESISTANT ,RESISTANCE,"betalactamase"                     ,80.0         ,80.0              ,
blaOXY6_2                         ,                ,RESISTANT ,RESISTANCE,"betalactamase"                     ,80.0         ,80.0              ,
blaOXY6_4                         ,                ,RESISTANT ,RESISTANCE,"betalactamase"                     ,80.0         ,80.0              ,
blaOXY1_4                         ,                ,RESISTANT ,RESISTANCE,"betalactamase"                     ,80.0         ,80.0              ,
blaOXY1_3                         ,                ,RESISTANT ,RESISTANCE,"betalactamase"                     ,80.0         ,80.0              ,
blaOXY1_2                         ,                ,RESISTANT ,RESISTANCE,"betalactamase"                     ,80.0         ,80.0              ,
blaOXY1_5                         ,                ,RESISTANT ,RESISTANCE,"betalactamase"                     ,80.0         ,80.0              ,
blaOXY1_1                         ,                ,RESISTANT ,RESISTANCE,"betalactamase"                     ,80.0         ,80.0              ,
blaOXY1_7                         ,                ,RESISTANT ,RESISTANCE,"betalactamase"                     ,80.0         ,80.0              ,
blaOXY1_6                         ,                ,RESISTANT ,RESISTANCE,"betalactamase"                     ,80.0         ,80.0              ,
blaPAO_1                          ,                ,RESISTANT ,RESISTANCE,"betalactamase"                     ,80.0         ,80.0              ,
blaPAO_2                          ,                ,RESISTANT ,RESISTANCE,"betalactamase"                     ,80.0         ,80.0              ,
blaPAO_3                          ,                ,RESISTANT ,RESISTANCE,"betalactamase"                     ,80.0         ,80.0              ,
blaPAO_4                          ,                ,RESISTANT ,RESISTANCE,"betalactamase"                     ,80.0         ,80.0              ,
blaPER1_1                         ,                ,RESISTANT ,RESISTANCE,"betalactamase"                     ,80.0         ,80.0              ,
blaPER2_1                         ,                ,RESISTANT ,RESISTANCE,"betalactamase"                     ,80.0         ,80.0              ,
blaPER3_1                         ,                ,RESISTANT ,RESISTANCE,"betalactamase"                     ,80.0         ,80.0              ,
blaPER4_1                         ,                ,RESISTANT ,RESISTANCE,"betalactamase"                     ,80.0         ,80.0              ,
blaPER5_1                         ,                ,RESISTANT ,RESISTANCE,"betalactamase"                     ,80.0         ,80.0              ,
blaPER6_1                         ,                ,RESISTANT ,RESISTANCE,"betalactamase"                     ,80.0         ,80.0              ,
blaPER7_1                         ,                ,RESISTANT ,RESISTANCE,"betalactamase"                     ,80.0         ,80.0              ,
blaPME1_1                         ,                ,RESISTANT ,RESISTANCE,"betalactamase"                     ,80.0         ,80.0              ,
blaRAHN1_1                        ,                ,RESISTANT ,RESISTANCE,"betalactamase"                     ,80.0         ,80.0              ,
blaRAHN2_2                        ,                ,RESISTANT ,RESISTANCE,"betalactamase"                     ,80.0         ,80.0              ,
blaRAHN1_5                        ,                ,RESISTANT ,RESISTANCE,"betalactamase"                     ,80.0         ,80.0              ,
blaROB1_1                         ,                ,RESISTANT ,RESISTANCE,"betalactamase"                     ,80.0         ,80.0              ,
blaROB1_2                         ,                ,RESISTANT ,RESISTANCE,"betalactamase"                     ,80.0         ,80.0              ,
blaSED1_1                         ,                ,RESISTANT ,RESISTANCE,"betalactamase"                     ,80.0         ,80.0              ,
blaSFC1_1                         ,                ,RESISTANT ,RESISTANCE,"betalactamase"                     ,80.0         ,80.0              ,
blaSFO1_1                         ,                ,RESISTANT ,RESISTANCE,"betalactamase"                     ,80.0         ,80.0              ,
blaSHV140_1                       ,                ,RESISTANT ,RESISTANCE,"betalactamase"                     ,80.0         ,80.0              ,
blaSHV99_1                        ,                ,RESISTANT ,RESISTANCE,"betalactamase"                     ,80.0         ,80.0              ,
blaSHV98_1                        ,                ,RESISTANT ,RESISTANCE,"betalactamase"                     ,80.0         ,80.0              ,
blaSHV52_1                        ,                ,RESISTANT ,RESISTANCE,"betalactamase"                     ,80.0         ,80.0              ,
blaSHV137_1                       ,                ,RESISTANT ,RESISTANCE,"betalactamase"                     ,80.0         ,80.0              ,
blaSHV136_1                       ,                ,RESISTANT ,RESISTANCE,"betalactamase"                     ,80.0         ,80.0              ,
blaSHV122_1                       ,                ,RESISTANT ,RESISTANCE,"betalactamase"                     ,80.0         ,80.0              ,
blaSHV1_1                         ,                ,RESISTANT ,RESISTANCE,"betalactamase"                     ,80.0         ,80.0              ,
blaSHV28_1                        ,                ,RESISTANT ,RESISTANCE,"betalactamase"                     ,80.0         ,80.0              ,
blaSHV1_2                         ,                ,RESISTANT ,RESISTANCE,"betalactamase"                     ,80.0         ,80.0              ,
blaSHV11_1                        ,                ,RESISTANT ,RESISTANCE,"betalactamase"                     ,80.0         ,80.0              ,
blaSHV134_1                       ,                ,RESISTANT ,RESISTANCE,"betalactamase"                     ,80.0         ,80.0              ,
blaSHV5_2                         ,                ,RESISTANT ,RESISTANCE,"betalactamase"                     ,80.0         ,80.0              ,
blaSHV57_1                        ,                ,RESISTANT ,RESISTANCE,"betalactamase"                     ,80.0         ,80.0              ,
blaSHV36_1                        ,                ,RESISTANT ,RESISTANCE,"betalactamase"                     ,80.0         ,80.0              ,
blaSHV1_1                         ,                ,RESISTANT ,RESISTANCE,"betalactamase"                     ,80.0         ,80.0              ,
blaSHV12_1                        ,                ,RESISTANT ,RESISTANCE,"betalactamase"                     ,80.0         ,80.0              ,
blaSHV5_1                         ,                ,RESISTANT ,RESISTANCE,"betalactamase"                     ,80.0         ,80.0              ,
blaSHV2_3                         ,                ,RESISTANT ,RESISTANCE,"betalactamase"                     ,80.0         ,80.0              ,
blaSHV34_1                        ,                ,RESISTANT ,RESISTANCE,"betalactamase"                     ,80.0         ,80.0              ,
blaSHV2_4                         ,                ,RESISTANT ,RESISTANCE,"betalactamase"                     ,80.0         ,80.0              ,
blaSHV1_8                         ,                ,RESISTANT ,RESISTANCE,"betalactamase"                     ,80.0         ,80.0              ,
blaSHV1_14                        ,                ,RESISTANT ,RESISTANCE,"betalactamase"                     ,80.0         ,80.0              ,
blaSHV1_16                        ,                ,RESISTANT ,RESISTANCE,"betalactamase"                     ,80.0         ,80.0              ,
blaSHV1_17                        ,                ,RESISTANT ,RESISTANCE,"betalactamase"                     ,80.0         ,80.0              ,
blaSHV128_1                       ,                ,RESISTANT ,RESISTANCE,"betalactamase"                     ,80.0         ,80.0              ,
blaSHV38_1                        ,                ,RESISTANT ,RESISTANCE,"betalactamase"                     ,80.0         ,80.0              ,
blaSHV28_2                        ,                ,RESISTANT ,RESISTANCE,"betalactamase"                     ,80.0         ,80.0              ,
blaSHV104_1                       ,                ,RESISTANT ,RESISTANCE,"betalactamase"                     ,80.0         ,80.0              ,
blaSHV8_1                         ,                ,RESISTANT ,RESISTANCE,"betalactamase"                     ,80.0         ,80.0              ,
blaSHV59_1                        ,                ,RESISTANT ,RESISTANCE,"betalactamase"                     ,80.0         ,80.0              ,
blaSHV1_18                        ,                ,RESISTANT ,RESISTANCE,"betalactamase"                     ,80.0         ,80.0              ,
blaSHV36_1                        ,                ,RESISTANT ,RESISTANCE,"betalactamase"                     ,80.0         ,80.0              ,
blaSHV49_1                        ,                ,RESISTANT ,RESISTANCE,"betalactamase"                     ,80.0         ,80.0              ,
blaSHV11_3                        ,                ,RESISTANT ,RESISTANCE,"betalactamase"                     ,80.0         ,80.0              ,
blaSHV5_5                         ,                ,RESISTANT ,RESISTANCE,"betalactamase"                     ,80.0         ,80.0              ,
blaSHV7_1                         ,                ,RESISTANT ,RESISTANCE,"betalactamase"                     ,80.0         ,80.0              ,
blaSHV100_1                       ,                ,RESISTANT ,RESISTANCE,"betalactamase"                     ,80.0         ,80.0              ,
blaSHV133_1                       ,                ,RESISTANT ,RESISTANCE,"betalactamase"                     ,80.0         ,80.0              ,
blaSHV70_1                        ,                ,RESISTANT ,RESISTANCE,"betalactamase"                     ,80.0         ,80.0              ,
blaSHV56_1                        ,                ,RESISTANT ,RESISTANCE,"betalactamase"                     ,80.0         ,80.0              ,
blaSHV12_6                        ,                ,RESISTANT ,RESISTANCE,"betalactamase"                     ,80.0         ,80.0              ,
blaSHV48_1                        ,                ,RESISTANT ,RESISTANCE,"betalactamase"                     ,80.0         ,80.0              ,
blaSHV14_1                        ,                ,RESISTANT ,RESISTANCE,"betalactamase"                     ,80.0         ,80.0              ,
blaSHV28_2                        ,                ,RESISTANT ,RESISTANCE,"betalactamase"                     ,80.0         ,80.0              ,
blaSHV1_21                        ,                ,RESISTANT ,RESISTANCE,"betalactamase"                     ,80.0         ,80.0              ,
blaSHV1_22                        ,                ,RESISTANT ,RESISTANCE,"betalactamase"                     ,80.0         ,80.0              ,
blaSHV11_14                       ,                ,RESISTANT ,RESISTANCE,"betalactamase"                     ,80.0         ,80.0              ,
blaSHV42_1                        ,                ,RESISTANT ,RESISTANCE,"betalactamase"                     ,80.0         ,80.0              ,
blaSHV11_19                       ,                ,RESISTANT ,RESISTANCE,"betalactamase"                     ,80.0         ,80.0              ,
blaSHV27_1                        ,                ,RESISTANT ,RESISTANCE,"betalactamase"                     ,80.0         ,80.0              ,
blaSHV18_1                        ,                ,RESISTANT ,RESISTANCE,"betalactamase"                     ,80.0         ,80.0              ,
blaSHV5_11                        ,                ,RESISTANT ,RESISTANCE,"betalactamase"                     ,80.0         ,80.0              ,
blaSHV31_1                        ,                ,RESISTANT ,RESISTANCE,"betalactamase"                     ,80.0         ,80.0              ,
blaSHV62_1                        ,                ,RESISTANT ,RESISTANCE,"betalactamase"                     ,80.0         ,80.0              ,
blaSHV11_5                        ,                ,RESISTANT ,RESISTANCE,"betalactamase"                     ,80.0         ,80.0              ,
blaSHV25_1                        ,                ,RESISTANT ,RESISTANCE,"betalactamase"                     ,80.0         ,80.0              ,
blaSHV1_4                         ,                ,RESISTANT ,RESISTANCE,"betalactamase"                     ,80.0         ,80.0              ,
blaSHV1_5                         ,                ,RESISTANT ,RESISTANCE,"betalactamase"                     ,80.0         ,80.0              ,
blaSHV5_12                        ,                ,RESISTANT ,RESISTANCE,"betalactamase"                     ,80.0         ,80.0              ,
blaSHV1_31                        ,                ,RESISTANT ,RESISTANCE,"betalactamase"                     ,80.0         ,80.0              ,
blaSHV11_22                       ,                ,RESISTANT ,RESISTANCE,"betalactamase"                     ,80.0         ,80.0              ,
blaSHV1_6                         ,                ,RESISTANT ,RESISTANCE,"betalactamase"                     ,80.0         ,80.0              ,
blaSHV1_10                        ,                ,RESISTANT ,RESISTANCE,"betalactamase"                     ,80.0         ,80.0              ,
blaSHV11_15                       ,                ,RESISTANT ,RESISTANCE,"betalactamase"                     ,80.0         ,80.0              ,
blaSHV2_9                         ,                ,RESISTANT ,RESISTANCE,"betalactamase"                     ,80.0         ,80.0              ,
blaSHV11_17                       ,                ,RESISTANT ,RESISTANCE,"betalactamase"                     ,80.0         ,80.0              ,
blaSHV11_18                       ,                ,RESISTANT ,RESISTANCE,"betalactamase"                     ,80.0         ,80.0              ,
blaSHV89_1                        ,                ,RESISTANT ,RESISTANCE,"betalactamase"                     ,80.0         ,80.0              ,
blaSHV11_19                       ,                ,RESISTANT ,RESISTANCE,"betalactamase"                     ,80.0         ,80.0              ,
blaSHV71_1                        ,                ,RESISTANT ,RESISTANCE,"betalactamase"                     ,80.0         ,80.0              ,
blaSHV55_1                        ,                ,RESISTANT ,RESISTANCE,"betalactamase"                     ,80.0         ,80.0              ,
blaSHV5_13                        ,                ,RESISTANT ,RESISTANCE,"betalactamase"                     ,80.0         ,80.0              ,
blaSHV30_1                        ,                ,RESISTANT ,RESISTANCE,"betalactamase"                     ,80.0         ,80.0              ,
blaSHV5_17                        ,                ,RESISTANT ,RESISTANCE,"betalactamase"                     ,80.0         ,80.0              ,
blaSHV5_18                        ,                ,RESISTANT ,RESISTANCE,"betalactamase"                     ,80.0         ,80.0              ,
blaSHV5_22                        ,                ,RESISTANT ,RESISTANCE,"betalactamase"                     ,80.0         ,80.0              ,
blaSHV37_1                        ,                ,RESISTANT ,RESISTANCE,"betalactamase"                     ,80.0         ,80.0              ,
blaSHV26_1                        ,                ,RESISTANT ,RESISTANCE,"betalactamase"                     ,80.0         ,80.0              ,
blaSHV11_27                       ,                ,RESISTANT ,RESISTANCE,"betalactamase"                     ,80.0         ,80.0              ,
blaSHV105_1                       ,                ,RESISTANT ,RESISTANCE,"betalactamase"                     ,80.0         ,80.0              ,
blaSHV56_2                        ,                ,RESISTANT ,RESISTANCE,"betalactamase"                     ,80.0         ,80.0              ,
blaSHV108_1                       ,                ,RESISTANT ,RESISTANCE,"betalactamase"                     ,80.0         ,80.0              ,
blaSHV107_1                       ,                ,RESISTANT ,RESISTANCE,"betalactamase"                     ,80.0         ,80.0              ,
blaSHV106_1                       ,                ,RESISTANT ,RESISTANCE,"betalactamase"                     ,80.0         ,80.0              ,
blaSHV60_1                        ,                ,RESISTANT ,RESISTANCE,"betalactamase"                     ,80.0         ,80.0              ,
blaSHV72_1                        ,                ,RESISTANT ,RESISTANCE,"betalactamase"                     ,80.0         ,80.0              ,
blaSHV63_1                        ,                ,RESISTANT ,RESISTANCE,"betalactamase"                     ,80.0         ,80.0              ,
blaSHV11_31                       ,                ,RESISTANT ,RESISTANCE,"betalactamase"                     ,80.0         ,80.0              ,
blaSHV11_32                       ,                ,RESISTANT ,RESISTANCE,"betalactamase"                     ,80.0         ,80.0              ,
blaSHV31_2                        ,                ,RESISTANT ,RESISTANCE,"betalactamase"                     ,80.0         ,80.0              ,
blaSHV77_1                        ,                ,RESISTANT ,RESISTANCE,"betalactamase"                     ,80.0         ,80.0              ,
blaSHV71_2                        ,                ,RESISTANT ,RESISTANCE,"betalactamase"                     ,80.0         ,80.0              ,
blaSHV97_1                        ,                ,RESISTANT ,RESISTANCE,"betalactamase"                     ,80.0         ,80.0              ,
blaSHV95_1                        ,                ,RESISTANT ,RESISTANCE,"betalactamase"                     ,80.0         ,80.0              ,
blaSHV96_1                        ,                ,RESISTANT ,RESISTANCE,"betalactamase"                     ,80.0         ,80.0              ,
blaSHV94_1                        ,                ,RESISTANT ,RESISTANCE,"betalactamase"                     ,80.0         ,80.0              ,
blaSHV93_1                        ,                ,RESISTANT ,RESISTANCE,"betalactamase"                     ,80.0         ,80.0              ,
blaSHV1_18                        ,                ,RESISTANT ,RESISTANCE,"betalactamase"                     ,80.0         ,80.0              ,
blaSHV1_19                        ,                ,RESISTANT ,RESISTANCE,"betalactamase"                     ,80.0         ,80.0              ,
blaSHV2a_13                       ,                ,RESISTANT ,RESISTANCE,"betalactamase"                     ,80.0         ,80.0              ,
blaSHV69_1                        ,                ,RESISTANT ,RESISTANCE,"betalactamase"                     ,80.0         ,80.0              ,
blaSHV67_1                        ,                ,RESISTANT ,RESISTANCE,"betalactamase"                     ,80.0         ,80.0              ,
blaSHV66_1                        ,                ,RESISTANT ,RESISTANCE,"betalactamase"                     ,80.0         ,80.0              ,
blaSHV65_1                        ,                ,RESISTANT ,RESISTANCE,"betalactamase"                     ,80.0         ,80.0              ,
blaSHV64_1                        ,                ,RESISTANT ,RESISTANCE,"betalactamase"                     ,80.0         ,80.0              ,
blaSHV1_41                        ,                ,RESISTANT ,RESISTANCE,"betalactamase"                     ,80.0         ,80.0              ,
blaSHV24_1                        ,                ,RESISTANT ,RESISTANCE,"betalactamase"                     ,80.0         ,80.0              ,
blaSHV33_1                        ,                ,RESISTANT ,RESISTANCE,"betalactamase"                     ,80.0         ,80.0              ,
blaSHV13_1                        ,                ,RESISTANT ,RESISTANCE,"betalactamase"                     ,80.0         ,80.0              ,
blaSHV29_1                        ,                ,RESISTANT ,RESISTANCE,"betalactamase"                     ,80.0         ,80.0              ,
blaSHV35_1                        ,                ,RESISTANT ,RESISTANCE,"betalactamase"                     ,80.0         ,80.0              ,
blaSHV40_2                        ,                ,RESISTANT ,RESISTANCE,"betalactamase"                     ,80.0         ,80.0              ,
blaSHV41_1                        ,                ,RESISTANT ,RESISTANCE,"betalactamase"                     ,80.0         ,80.0              ,
blaSHV43_1                        ,                ,RESISTANT ,RESISTANCE,"betalactamase"                     ,80.0         ,80.0              ,
blaSHV44_1                        ,                ,RESISTANT ,RESISTANCE,"betalactamase"                     ,80.0         ,80.0              ,
blaSHV46_1                        ,                ,RESISTANT ,RESISTANCE,"betalactamase"                     ,80.0         ,80.0              ,
blaSHV50_1                        ,                ,RESISTANT ,RESISTANCE,"betalactamase"                     ,80.0         ,80.0              ,
blaSHV51_1                        ,                ,RESISTANT ,RESISTANCE,"betalactamase"                     ,80.0         ,80.0              ,
blaSHV61_1                        ,                ,RESISTANT ,RESISTANCE,"betalactamase"                     ,80.0         ,80.0              ,
blaSHV62_2                        ,                ,RESISTANT ,RESISTANCE,"betalactamase"                     ,80.0         ,80.0              ,
blaSHV85_1                        ,                ,RESISTANT ,RESISTANCE,"betalactamase"                     ,80.0         ,80.0              ,
blaSHV86_1                        ,                ,RESISTANT ,RESISTANCE,"betalactamase"                     ,80.0         ,80.0              ,
blaSHV92_1                        ,                ,RESISTANT ,RESISTANCE,"betalactamase"                     ,80.0         ,80.0              ,
blaSHV101_1                       ,                ,RESISTANT ,RESISTANCE,"betalactamase"                     ,80.0         ,80.0              ,
blaSHV102_1                       ,                ,RESISTANT ,RESISTANCE,"betalactamase"                     ,80.0         ,80.0              ,
blaSHV103_1                       ,                ,RESISTANT ,RESISTANCE,"betalactamase"                     ,80.0         ,80.0              ,
blaSHV109_1                       ,                ,RESISTANT ,RESISTANCE,"betalactamase"                     ,80.0         ,80.0              ,
blaSHV110_1                       ,                ,RESISTANT ,RESISTANCE,"betalactamase"                     ,80.0         ,80.0              ,
blaSHV129_1                       ,                ,RESISTANT ,RESISTANCE,"betalactamase"                     ,80.0         ,80.0              ,
blaSHV129_2                       ,                ,RESISTANT ,RESISTANCE,"betalactamase"                     ,80.0         ,80.0              ,
blaSHV132_1                       ,                ,RESISTANT ,RESISTANCE,"betalactamase"                     ,80.0         ,80.0              ,
blaSHV135_1                       ,                ,RESISTANT ,RESISTANCE,"betalactamase"                     ,80.0         ,80.0              ,
blaSHV15_1                        ,                ,RESISTANT ,RESISTANCE,"betalactamase"                     ,80.0         ,80.0              ,
blaSHV16_1                        ,                ,RESISTANT ,RESISTANCE,"betalactamase"                     ,80.0         ,80.0              ,
blaSHV73                          ,                ,RESISTANT ,RESISTANCE,"betalactamase"                     ,80.0         ,80.0              ,
blaSHV74                          ,                ,RESISTANT ,RESISTANCE,"betalactamase"                     ,80.0         ,80.0              ,
blaSHV75                          ,                ,RESISTANT ,RESISTANCE,"betalactamase"                     ,80.0         ,80.0              ,
blaSHV77                          ,                ,RESISTANT ,RESISTANCE,"betalactamase"                     ,80.0         ,80.0              ,
blaSHV78                          ,                ,RESISTANT ,RESISTANCE,"betalactamase"                     ,80.0         ,80.0              ,
blaSHV79                          ,                ,RESISTANT ,RESISTANCE,"betalactamase"                     ,80.0         ,80.0              ,
blaSHV80                          ,                ,RESISTANT ,RESISTANCE,"betalactamase"                     ,80.0         ,80.0              ,
blaSHV81                          ,                ,RESISTANT ,RESISTANCE,"betalactamase"                     ,80.0         ,80.0              ,
blaSHV82                          ,                ,RESISTANT ,RESISTANCE,"betalactamase"                     ,80.0         ,80.0              ,
blaSHV83                          ,                ,RESISTANT ,RESISTANCE,"betalactamase"                     ,80.0         ,80.0              ,
blaSHV120                         ,                ,RESISTANT ,RESISTANCE,"betalactamase"                     ,80.0         ,80.0              ,
blaSHV121                         ,                ,RESISTANT ,RESISTANCE,"betalactamase"                     ,80.0         ,80.0              ,
blaSHV141                         ,                ,RESISTANT ,RESISTANCE,"betalactamase"                     ,80.0         ,80.0              ,
blaSHV142                         ,                ,RESISTANT ,RESISTANCE,"betalactamase"                     ,80.0         ,80.0              ,
blaSHV144                         ,                ,RESISTANT ,RESISTANCE,"betalactamase"                     ,80.0         ,80.0              ,
blaSHV145                         ,                ,RESISTANT ,RESISTANCE,"betalactamase"                     ,80.0         ,80.0              ,
blaSHV147                         ,                ,RESISTANT ,RESISTANCE,"betalactamase"                     ,80.0         ,80.0              ,
blaSHV148                         ,                ,RESISTANT ,RESISTANCE,"betalactamase"                     ,80.0         ,80.0              ,
blaSHV149                         ,                ,RESISTANT ,RESISTANCE,"beta,lactamase"                    ,80.0         ,80.0              ,
blaSHV150                         ,                ,RESISTANT ,RESISTANCE,"beta,lactamase"                    ,80.0         ,80.0              ,
blaSHV151                         ,                ,RESISTANT ,RESISTANCE,"beta,lactamase"                    ,80.0         ,80.0              ,
blaSHV152                         ,                ,RESISTANT ,RESISTANCE,"beta,lactamase"                    ,80.0         ,80.0              ,
blaSHV153                         ,                ,RESISTANT ,RESISTANCE,"betalactamase"                     ,80.0         ,80.0              ,
blaSHV154                         ,                ,RESISTANT ,RESISTANCE,"betalactamase"                     ,80.0         ,80.0              ,
blaSHV155                         ,                ,RESISTANT ,RESISTANCE,"betalactamase"                     ,80.0         ,80.0              ,
blaSHV156                         ,                ,RESISTANT ,RESISTANCE,"beta,lactamase"                    ,80.0         ,80.0              ,
blaSHV157                         ,                ,RESISTANT ,RESISTANCE,"betalactamase"                     ,80.0         ,80.0              ,
blaSHV158                         ,                ,RESISTANT ,RESISTANCE,"betalactamase"                     ,80.0         ,80.0              ,
blaSHV159                         ,                ,RESISTANT ,RESISTANCE,"betalactamase"                     ,80.0         ,80.0              ,
blaSHV160                         ,                ,RESISTANT ,RESISTANCE,"betalactamase"                     ,80.0         ,80.0              ,
blaSHV161                         ,                ,RESISTANT ,RESISTANCE,"betalactamase"                     ,80.0         ,80.0              ,
blaSHV162                         ,                ,RESISTANT ,RESISTANCE,"betalactamase"                     ,80.0         ,80.0              ,
blaSHV163                         ,                ,RESISTANT ,RESISTANCE,"betalactamase"                     ,80.0         ,80.0              ,
blaSHV165                         ,                ,RESISTANT ,RESISTANCE,"betalactamase"                     ,80.0         ,80.0              ,
blaSHV168                         ,                ,RESISTANT ,RESISTANCE,"betalactamase"                     ,80.0         ,80.0              ,
blaSHV143                         ,                ,RESISTANT ,RESISTANCE,"betalactamase"                     ,80.0         ,80.0              ,
blaSIM1_1                         ,                ,RESISTANT ,RESISTANCE,"betalactamase"                     ,80.0         ,80.0              ,
blaSME1_1                         ,                ,RESISTANT ,RESISTANCE,"betalactamase"                     ,80.0         ,80.0              ,
blaSME2_1                         ,                ,RESISTANT ,RESISTANCE,"betalactamase"                     ,80.0         ,80.0              ,
blaSME3_1                         ,                ,RESISTANT ,RESISTANCE,"betalactamase"                     ,80.0         ,80.0              ,
blaSPM1_1                         ,                ,RESISTANT ,RESISTANCE,"betalactamase"                     ,80.0         ,80.0              ,
blaTEM15_2                        ,                ,RESISTANT ,RESISTANCE,"betalactamase"                     ,80.0         ,80.0              ,
blaTEM1_1                         ,                ,RESISTANT ,RESISTANCE,"betalactamase"                     ,80.0         ,80.0              ,
blaTEM1_4                         ,                ,RESISTANT ,RESISTANCE,"betalactamase"                     ,80.0         ,80.0              ,
blaTEM1_5                         ,                ,RESISTANT ,RESISTANCE,"betalactamase"                     ,80.0         ,80.0              ,
blaTEM52_1                        ,                ,RESISTANT ,RESISTANCE,"betalactamase"                     ,80.0         ,80.0              ,
blaTEM116_4                       ,                ,RESISTANT ,RESISTANCE,"betalactamase"                     ,80.0         ,80.0              ,
blaTEM20_1                        ,                ,RESISTANT ,RESISTANCE,"betalactamase"                     ,80.0         ,80.0              ,
blaTEM52_2                        ,                ,RESISTANT ,RESISTANCE,"betalactamase"                     ,80.0         ,80.0              ,
blaTEM116_7                       ,                ,RESISTANT ,RESISTANCE,"betalactamase"                     ,80.0         ,80.0              ,
blaTEM106_1                       ,                ,RESISTANT ,RESISTANCE,"betalactamase"                     ,80.0         ,80.0              ,
blaTEM1_83                        ,                ,RESISTANT ,RESISTANCE,"betalactamase"                     ,80.0         ,80.0              ,
blaTEM70_1                        ,                ,RESISTANT ,RESISTANCE,"betalactamase"                     ,80.0         ,80.0              ,
blaTEM155_1                       ,                ,RESISTANT ,RESISTANCE,"betalactamase"                     ,80.0         ,80.0              ,
blaTEM156_1                       ,                ,RESISTANT ,RESISTANCE,"betalactamase"                     ,80.0         ,80.0              ,
blaTEM163_1                       ,                ,RESISTANT ,RESISTANCE,"betalactamase"                     ,80.0         ,80.0              ,
blaTEM150_1                       ,                ,RESISTANT ,RESISTANCE,"betalactamase"                     ,80.0         ,80.0              ,
blaTEM2_1                         ,                ,RESISTANT ,RESISTANCE,"betalactamase"                     ,80.0         ,80.0              ,
blaTEM2_3                         ,                ,RESISTANT ,RESISTANCE,"betalactamase"                     ,80.0         ,80.0              ,
blaTEM139_1                       ,                ,RESISTANT ,RESISTANCE,"betalactamase"                     ,80.0         ,80.0              ,
blaTEM188_1                       ,                ,RESISTANT ,RESISTANCE,"betalactamase"                     ,80.0         ,80.0              ,
blaTEM189_1                       ,                ,RESISTANT ,RESISTANCE,"betalactamase"                     ,80.0         ,80.0              ,
blaTEM67_1                        ,                ,RESISTANT ,RESISTANCE,"betalactamase"                     ,80.0         ,80.0              ,
blaTEM101_1                       ,                ,RESISTANT ,RESISTANCE,"betalactamase"                     ,80.0         ,80.0              ,
blaTEM71_1                        ,                ,RESISTANT ,RESISTANCE,"betalactamase"                     ,80.0         ,80.0              ,
blaTEM72_1                        ,                ,RESISTANT ,RESISTANCE,"betalactamase"                     ,80.0         ,80.0              ,
blaTEM162_1                       ,                ,RESISTANT ,RESISTANCE,"betalactamase"                     ,80.0         ,80.0              ,
blaTEM24_1                        ,                ,RESISTANT ,RESISTANCE,"betalactamase"                     ,80.0         ,80.0              ,
blaTEM125_1                       ,                ,RESISTANT ,RESISTANCE,"betalactamase"                     ,80.0         ,80.0              ,
blaTEM109_1                       ,                ,RESISTANT ,RESISTANCE,"betalactamase"                     ,80.0         ,80.0              ,
blaTEM134_1                       ,                ,RESISTANT ,RESISTANCE,"betalactamase"                     ,80.0         ,80.0              ,
blaTEM129_1                       ,                ,RESISTANT ,RESISTANCE,"betalactamase"                     ,80.0         ,80.0              ,
blaTEM28_1                        ,                ,RESISTANT ,RESISTANCE,"betalactamase"                     ,80.0         ,80.0              ,
blaTEM12_1                        ,                ,RESISTANT ,RESISTANCE,"betalactamase"                     ,80.0         ,80.0              ,
blaTEM138_1                       ,                ,RESISTANT ,RESISTANCE,"betalactamase"                     ,80.0         ,80.0              ,
blaTEM124_1                       ,                ,RESISTANT ,RESISTANCE,"betalactamase"                     ,80.0         ,80.0              ,
blaTEM123_1                       ,                ,RESISTANT ,RESISTANCE,"betalactamase"                     ,80.0         ,80.0              ,
blaTEM128_1                       ,                ,RESISTANT ,RESISTANCE,"betalactamase"                     ,80.0         ,80.0              ,
blaTEM121_1                       ,                ,RESISTANT ,RESISTANCE,"betalactamase"                     ,80.0         ,80.0              ,
blaTEM105_1                       ,                ,RESISTANT ,RESISTANCE,"betalactamase"                     ,80.0         ,80.0              ,
blaTEM104_1                       ,                ,RESISTANT ,RESISTANCE,"betalactamase"                     ,80.0         ,80.0              ,
blaTEM107_1                       ,                ,RESISTANT ,RESISTANCE,"betalactamase"                     ,80.0         ,80.0              ,
blaTEM80_1                        ,                ,RESISTANT ,RESISTANCE,"betalactamase"                     ,80.0         ,80.0              ,
blaTEM84_1                        ,                ,RESISTANT ,RESISTANCE,"betalactamase"                     ,80.0         ,80.0              ,
blaTEM83_1                        ,                ,RESISTANT ,RESISTANCE,"betalactamase"                     ,80.0         ,80.0              ,
blaTEM82_1                        ,                ,RESISTANT ,RESISTANCE,"betalactamase"                     ,80.0         ,80.0              ,
blaTEM81_1                        ,                ,RESISTANT ,RESISTANCE,"betalactamase"                     ,80.0         ,80.0              ,
blaTEM63_1                        ,                ,RESISTANT ,RESISTANCE,"betalactamase"                     ,80.0         ,80.0              ,
blaTEM43_1                        ,                ,RESISTANT ,RESISTANCE,"betalactamase"                     ,80.0         ,80.0              ,
blaTEM77_1                        ,                ,RESISTANT ,RESISTANCE,"betalactamase"                     ,80.0         ,80.0              ,
blaTEM76_1                        ,                ,RESISTANT ,RESISTANCE,"betalactamase"                     ,80.0         ,80.0              ,
blaTEM78_1                        ,                ,RESISTANT ,RESISTANCE,"betalactamase"                     ,80.0         ,80.0              ,
blaTEM79_1                        ,                ,RESISTANT ,RESISTANCE,"betalactamase"                     ,80.0         ,80.0              ,
blaTEM54_1                        ,                ,RESISTANT ,RESISTANCE,"betalactamase"                     ,80.0         ,80.0              ,
blaTEM60_1                        ,                ,RESISTANT ,RESISTANCE,"betalactamase"                     ,80.0         ,80.0              ,
blaTEM53_1                        ,                ,RESISTANT ,RESISTANCE,"betalactamase"                     ,80.0         ,80.0              ,
blaTEM147_1                       ,                ,RESISTANT ,RESISTANCE,"betalactamase"                     ,80.0         ,80.0              ,
blaTEM168_1                       ,                ,RESISTANT ,RESISTANCE,"betalactamase"                     ,80.0         ,80.0              ,
blaTEM144_1                       ,                ,RESISTANT ,RESISTANCE,"betalactamase"                     ,80.0         ,80.0              ,
blaTEM132_1                       ,                ,RESISTANT ,RESISTANCE,"betalactamase"                     ,80.0         ,80.0              ,
blaTEM88_1                        ,                ,RESISTANT ,RESISTANCE,"betalactamase"                     ,80.0         ,80.0              ,
blaTEM87_1                        ,                ,RESISTANT ,RESISTANCE,"betalactamase"                     ,80.0         ,80.0              ,
blaTEM167_1                       ,                ,RESISTANT ,RESISTANCE,"betalactamase"                     ,80.0         ,80.0              ,
blaTEM166_1                       ,                ,RESISTANT ,RESISTANCE,"betalactamase"                     ,80.0         ,80.0              ,
blaTEM160_1                       ,                ,RESISTANT ,RESISTANCE,"betalactamase"                     ,80.0         ,80.0              ,
blaTEM159_1                       ,                ,RESISTANT ,RESISTANCE,"betalactamase"                     ,80.0         ,80.0              ,
blaTEM149_1                       ,                ,RESISTANT ,RESISTANCE,"betalactamase"                     ,80.0         ,80.0              ,
blaTEM141_1                       ,                ,RESISTANT ,RESISTANCE,"betalactamase"                     ,80.0         ,80.0              ,
blaTEM158_1                       ,                ,RESISTANT ,RESISTANCE,"betalactamase"                     ,80.0         ,80.0              ,
blaTEM142_1                       ,                ,RESISTANT ,RESISTANCE,"betalactamase"                     ,80.0         ,80.0              ,
blaTEM151_1                       ,                ,RESISTANT ,RESISTANCE,"betalactamase"                     ,80.0         ,80.0              ,
blaTEM152_1                       ,                ,RESISTANT ,RESISTANCE,"betalactamase"                     ,80.0         ,80.0              ,
blaTEM55_1                        ,                ,RESISTANT ,RESISTANCE,"betalactamase"                     ,80.0         ,80.0              ,
blaTEM29_1                        ,                ,RESISTANT ,RESISTANCE,"betalactamase"                     ,80.0         ,80.0              ,
blaTEM146_1                       ,                ,RESISTANT ,RESISTANCE,"betalactamase"                     ,80.0         ,80.0              ,
blaTEM143_1                       ,                ,RESISTANT ,RESISTANCE,"betalactamase"                     ,80.0         ,80.0              ,
blaTEM3_1                         ,                ,RESISTANT ,RESISTANCE,"betalactamase"                     ,80.0         ,80.0              ,
blaTEM6_1                         ,                ,RESISTANT ,RESISTANCE,"betalactamase"                     ,80.0         ,80.0              ,
blaTEM10_1                        ,                ,RESISTANT ,RESISTANCE,"betalactamase"                     ,80.0         ,80.0              ,
blaTEM11_1                        ,                ,RESISTANT ,RESISTANCE,"betalactamase"                     ,80.0         ,80.0              ,
blaTEM17_1                        ,                ,RESISTANT ,RESISTANCE,"betalactamase"                     ,80.0         ,80.0              ,
blaTEM21_1                        ,                ,RESISTANT ,RESISTANCE,"betalactamase"                     ,80.0         ,80.0              ,
blaTEM22_1                        ,                ,RESISTANT ,RESISTANCE,"betalactamase"                     ,80.0         ,80.0              ,
blaTEM130_1                       ,                ,RESISTANT ,RESISTANCE,"betalactamase"                     ,80.0         ,80.0              ,
blaTEM94_1                        ,                ,RESISTANT ,RESISTANCE,"betalactamase"                     ,80.0         ,80.0              ,
blaTEM93_1                        ,                ,RESISTANT ,RESISTANCE,"betalactamase"                     ,80.0         ,80.0              ,
blaTEM86_1                        ,                ,RESISTANT ,RESISTANCE,"betalactamase"                     ,80.0         ,80.0              ,
blaTEM33_1                        ,                ,RESISTANT ,RESISTANCE,"betalactamase"                     ,80.0         ,80.0              ,
blaTEM42_1                        ,                ,RESISTANT ,RESISTANCE,"betalactamase"                     ,80.0         ,80.0              ,
blaTEM91_1                        ,                ,RESISTANT ,RESISTANCE,"betalactamase"                     ,80.0         ,80.0              ,
blaTEM57_1                        ,                ,RESISTANT ,RESISTANCE,"betalactamase"                     ,80.0         ,80.0              ,
blaTEM68_1                        ,                ,RESISTANT ,RESISTANCE,"betalactamase"                     ,80.0         ,80.0              ,
blaTEM85_1                        ,                ,RESISTANT ,RESISTANCE,"betalactamase"                     ,80.0         ,80.0              ,
blaTEM90_1                        ,                ,RESISTANT ,RESISTANCE,"betalactamase"                     ,80.0         ,80.0              ,
blaTEM95_1                        ,                ,RESISTANT ,RESISTANCE,"betalactamase"                     ,80.0         ,80.0              ,
blaTEM96_1                        ,                ,RESISTANT ,RESISTANCE,"betalactamase"                     ,80.0         ,80.0              ,
blaTEM102_1                       ,                ,RESISTANT ,RESISTANCE,"betalactamase"                     ,80.0         ,80.0              ,
blaTEM115_1                       ,                ,RESISTANT ,RESISTANCE,"betalactamase"                     ,80.0         ,80.0              ,
blaTEM120_1                       ,                ,RESISTANT ,RESISTANCE,"betalactamase"                     ,80.0         ,80.0              ,
blaTEM126_1                       ,                ,RESISTANT ,RESISTANCE,"betalactamase"                     ,80.0         ,80.0              ,
blaTEM127_1                       ,                ,RESISTANT ,RESISTANCE,"betalactamase"                     ,80.0         ,80.0              ,
blaTEM133_1                       ,                ,RESISTANT ,RESISTANCE,"betalactamase"                     ,80.0         ,80.0              ,
blaTEM135_1                       ,                ,RESISTANT ,RESISTANCE,"betalactamase"                     ,80.0         ,80.0              ,
blaTEM136_1                       ,                ,RESISTANT ,RESISTANCE,"betalactamase"                     ,80.0         ,80.0              ,
blaTEM137_1                       ,                ,RESISTANT ,RESISTANCE,"betalactamase"                     ,80.0         ,80.0              ,
blaTEM145_1                       ,                ,RESISTANT ,RESISTANCE,"betalactamase"                     ,80.0         ,80.0              ,
blaTEM157_1                       ,                ,RESISTANT ,RESISTANCE,"betalactamase"                     ,80.0         ,80.0              ,
blaTEM169_1                       ,                ,RESISTANT ,RESISTANCE,"betalactamase"                     ,80.0         ,80.0              ,
blaTEM176_1                       ,                ,RESISTANT ,RESISTANCE,"betalactamase"                     ,80.0         ,80.0              ,
blaTEM183_1                       ,                ,RESISTANT ,RESISTANCE,"betalactamase"                     ,80.0         ,80.0              ,
blaTEM30_1                        ,                ,RESISTANT ,RESISTANCE,"betalactamase"                     ,80.0         ,80.0              ,
blaTEM47_1                        ,                ,RESISTANT ,RESISTANCE,"betalactamase"                     ,80.0         ,80.0              ,
blaTEM48_1                        ,                ,RESISTANT ,RESISTANCE,"betalactamase"                     ,80.0         ,80.0              ,
blaTEM49_1                        ,                ,RESISTANT ,RESISTANCE,"betalactamase"                     ,80.0         ,80.0              ,
blaTEM97_1                        ,                ,RESISTANT ,RESISTANCE,"betalactamase"                     ,80.0         ,80.0              ,
blaTEM98_1                        ,                ,RESISTANT ,RESISTANCE,"betalactamase"                     ,80.0         ,80.0              ,
blaTEM99_1                        ,                ,RESISTANT ,RESISTANCE,"betalactamase"                     ,80.0         ,80.0              ,
blaTEM108_1                       ,                ,RESISTANT ,RESISTANCE,"betalactamase"                     ,80.0         ,80.0              ,
blaTEM111_1                       ,                ,RESISTANT ,RESISTANCE,"betalactamase"                     ,80.0         ,80.0              ,
blaTEM112_1                       ,                ,RESISTANT ,RESISTANCE,"betalactamase"                     ,80.0         ,80.0              ,
blaTEM113_1                       ,                ,RESISTANT ,RESISTANCE,"betalactamase"                     ,80.0         ,80.0              ,
blaTEM114_1                       ,                ,RESISTANT ,RESISTANCE,"betalactamase"                     ,80.0         ,80.0              ,
blaTEM122_1                       ,                ,RESISTANT ,RESISTANCE,"betalactamase"                     ,80.0         ,80.0              ,
blaTEM148_1                       ,                ,RESISTANT ,RESISTANCE,"betalactamase"                     ,80.0         ,80.0              ,
blaTEM154_1                       ,                ,RESISTANT ,RESISTANCE,"betalactamase"                     ,80.0         ,80.0              ,
blaTEM162_1                       ,                ,RESISTANT ,RESISTANCE,"betalactamase"                     ,80.0         ,80.0              ,
blaTEM171_1                       ,                ,RESISTANT ,RESISTANCE,"betalactamase"                     ,80.0         ,80.0              ,
blaTEM177_1                       ,                ,RESISTANT ,RESISTANCE,"betalactamase"                     ,80.0         ,80.0              ,
blaTEM178_1                       ,                ,RESISTANT ,RESISTANCE,"betalactamase"                     ,80.0         ,80.0              ,
blaTEM187_1                       ,                ,RESISTANT ,RESISTANCE,"betalactamase"                     ,80.0         ,80.0              ,
blaTEM190_1                       ,                ,RESISTANT ,RESISTANCE,"betalactamase"                     ,80.0         ,80.0              ,
blaTLA1_1                         ,                ,RESISTANT ,RESISTANCE,"betalactamase"                     ,80.0         ,80.0              ,
blaTRU_1                          ,                ,RESISTANT ,RESISTANCE,"betalactamase"                     ,80.0         ,80.0              ,
blaTUS1_1                         ,                ,RESISTANT ,RESISTANCE,"betalactamase"                     ,80.0         ,80.0              ,
blaVEB2_1                         ,                ,RESISTANT ,RESISTANCE,"betalactamase"                     ,80.0         ,80.0              ,
blaVEB1_1                         ,                ,RESISTANT ,RESISTANCE,"betalactamase"                     ,80.0         ,80.0              ,
blaVEB3_1                         ,                ,RESISTANT ,RESISTANCE,"betalactamase"                     ,80.0         ,80.0              ,
blaVEB1_3                         ,                ,RESISTANT ,RESISTANCE,"betalactamase"                     ,80.0         ,80.0              ,
blaVEB1_4                         ,                ,RESISTANT ,RESISTANCE,"betalactamase"                     ,80.0         ,80.0              ,
blaVEB4_1                         ,                ,RESISTANT ,RESISTANCE,"betalactamase"                     ,80.0         ,80.0              ,
blaVEB5_1                         ,                ,RESISTANT ,RESISTANCE,"betalactamase"                     ,80.0         ,80.0              ,
blaVEB6_1                         ,                ,RESISTANT ,RESISTANCE,"betalactamase"                     ,80.0         ,80.0              ,
blaVEB7_1                         ,                ,RESISTANT ,RESISTANCE,"betalactamase"                     ,80.0         ,80.0              ,
blaVIM29_1                        ,                ,RESISTANT ,RESISTANCE,"betalactamase"                     ,80.0         ,80.0              ,
blaVIM30_1                        ,                ,RESISTANT ,RESISTANCE,"betalactamase"                     ,80.0         ,80.0              ,
blaVIM31_1                        ,                ,RESISTANT ,RESISTANCE,"betalactamase"                     ,80.0         ,80.0              ,
blaVIM32_1                        ,                ,RESISTANT ,RESISTANCE,"betalactamase"                     ,80.0         ,80.0              ,
blaVIM33_1                        ,                ,RESISTANT ,RESISTANCE,"betalactamase"                     ,80.0         ,80.0              ,
blaVIM34_1                        ,                ,RESISTANT ,RESISTANCE,"betalactamase"                     ,80.0         ,80.0              ,
blaVIM35_1                        ,                ,RESISTANT ,RESISTANCE,"betalactamase"                     ,80.0         ,80.0              ,
blaVIM36_1                        ,                ,RESISTANT ,RESISTANCE,"betalactamase"                     ,80.0         ,80.0              ,
blaVIM37_1                        ,                ,RESISTANT ,RESISTANCE,"betalactamase"                     ,80.0         ,80.0              ,
blaVIM38                          ,                ,RESISTANT ,RESISTANCE,"betalactamase"                     ,80.0         ,80.0              ,
blaVIM28_1                        ,                ,RESISTANT ,RESISTANCE,"betalactamase"                     ,80.0         ,80.0              ,
blaVIM27_1                        ,                ,RESISTANT ,RESISTANCE,"betalactamase"                     ,80.0         ,80.0              ,
blaVIM24_1                        ,                ,RESISTANT ,RESISTANCE,"betalactamase"                     ,80.0         ,80.0              ,
blaVIM1_1                         ,                ,RESISTANT ,RESISTANCE,"betalactamase"                     ,80.0         ,80.0              ,
blaVIM3_1                         ,                ,RESISTANT ,RESISTANCE,"betalactamase"                     ,80.0         ,80.0              ,
blaVIM25_1                        ,                ,RESISTANT ,RESISTANCE,"betalactamase"                     ,80.0         ,80.0              ,
blaVIM19_1                        ,                ,RESISTANT ,RESISTANCE,"betalactamase"                     ,80.0         ,80.0              ,
blaVIM14_1                        ,                ,RESISTANT ,RESISTANCE,"betalactamase"                     ,80.0         ,80.0              ,
blaVIM4_1                         ,                ,RESISTANT ,RESISTANCE,"betalactamase"                     ,80.0         ,80.0              ,
blaVIM6_1                         ,                ,RESISTANT ,RESISTANCE,"betalactamase"                     ,80.0         ,80.0              ,
blaVIM11_1                        ,                ,RESISTANT ,RESISTANCE,"betalactamase"                     ,80.0         ,80.0              ,
blaVIM12_1                        ,                ,RESISTANT ,RESISTANCE,"betalactamase"                     ,80.0         ,80.0              ,
blaVIM5_1                         ,                ,RESISTANT ,RESISTANCE,"betalactamase"                     ,80.0         ,80.0              ,
blaVIM10_1                        ,                ,RESISTANT ,RESISTANCE,"betalactamase"                     ,80.0         ,80.0              ,
blaVIM9_1                         ,                ,RESISTANT ,RESISTANCE,"betalactamase"                     ,80.0         ,80.0              ,
blaVIM8_1                         ,                ,RESISTANT ,RESISTANCE,"betalactamase"                     ,80.0         ,80.0              ,
blaVIM20_1                        ,                ,RESISTANT ,RESISTANCE,"betalactamase"                     ,80.0         ,80.0              ,
blaVIM23_1                        ,                ,RESISTANT ,RESISTANCE,"betalactamase"                     ,80.0         ,80.0              ,
blaVIM18_1                        ,                ,RESISTANT ,RESISTANCE,"betalactamase"                     ,80.0         ,80.0              ,
blaVIM13_1                        ,                ,RESISTANT ,RESISTANCE,"betalactamase"                     ,80.0         ,80.0              ,
blaVIM16_1                        ,                ,RESISTANT ,RESISTANCE,"betalactamase"                     ,80.0         ,80.0              ,
blaVIM15_1                        ,                ,RESISTANT ,RESISTANCE,"betalactamase"                     ,80.0         ,80.0              ,
blaVIM7_1                         ,                ,RESISTANT ,RESISTANCE,"betalactamase"                     ,80.0         ,80.0              ,
blaVIM17_1                        ,                ,RESISTANT ,RESISTANCE,"betalactamase"                     ,80.0         ,80.0              ,
blaVIM26_1                        ,                ,RESISTANT ,RESISTANCE,"betalactamase"                     ,80.0         ,80.0              ,
blaVIM2_2                         ,                ,RESISTANT ,RESISTANCE,"betalactamase"                     ,80.0         ,80.0              ,
blaZ_32                           ,                ,RESISTANT ,RESISTANCE,"betalactamase"                     ,80.0         ,80.0              ,
blaZ_34                           ,                ,RESISTANT ,RESISTANCE,"betalactamase"                     ,80.0         ,80.0              ,
blaZ_35                           ,                ,RESISTANT ,RESISTANCE,"betalactamase"                     ,80.0         ,80.0              ,
blaZ_36                           ,                ,RESISTANT ,RESISTANCE,"betalactamase"                     ,80.0         ,80.0              ,
blaZ_39                           ,                ,RESISTANT ,RESISTANCE,"betalactamase"                     ,80.0         ,80.0              ,
carA_1                            ,                ,RESISTANT ,RESISTANCE,"macrolide"                         ,80.0         ,80.0              ,
cat_1                             ,                ,RESISTANT ,RESISTANCE,"phenicol"                          ,80.0         ,80.0              ,
catA1_1                           ,                ,RESISTANT ,RESISTANCE,"phenicol"                          ,80.0         ,80.0              ,
cat_2                             ,                ,RESISTANT ,RESISTANCE,"phenicol"                          ,80.0         ,80.0              ,
catP_1                            ,                ,RESISTANT ,RESISTANCE,"phenicol"                          ,80.0         ,80.0              ,
cat_3                             ,                ,RESISTANT ,RESISTANCE,"phenicol"                          ,80.0         ,80.0              ,
cat_4                             ,                ,RESISTANT ,RESISTANCE,"phenicol"                          ,80.0         ,80.0              ,
cat86_1                           ,                ,RESISTANT ,RESISTANCE,"phenicol"                          ,80.0         ,80.0              ,
catA2_1                           ,                ,RESISTANT ,RESISTANCE,"phenicol"                          ,80.0         ,80.0              ,
catA3_1                           ,                ,RESISTANT ,RESISTANCE,"phenicol"                          ,80.0         ,80.0              ,
catB_1                            ,                ,RESISTANT ,RESISTANCE,"phenicol"                          ,80.0         ,80.0              ,
catQ_1                            ,                ,RESISTANT ,RESISTANCE,"phenicol"                          ,80.0         ,80.0              ,
catB1_1                           ,                ,RESISTANT ,RESISTANCE,"phenicol"                          ,80.0         ,80.0              ,
catB9_1                           ,                ,RESISTANT ,RESISTANCE,"phenicol"                          ,80.0         ,80.0              ,
cat_5                             ,                ,RESISTANT ,RESISTANCE,"phenicol"                          ,80.0         ,80.0              ,
cat_pC233_1                       ,                ,RESISTANT ,RESISTANCE,"phenicol"                          ,80.0         ,80.0              ,
cat_pC221_1                       ,                ,RESISTANT ,RESISTANCE,"phenicol"                          ,80.0         ,80.0              ,
cat_pC194_1_NC                    ,                ,RESISTANT ,RESISTANCE,"phenicol"                          ,80.0         ,80.0              ,
catB7_1                           ,                ,RESISTANT ,RESISTANCE,"phenicol"                          ,80.0         ,80.0              ,
catB3_1                           ,                ,RESISTANT ,RESISTANCE,"phenicol"                          ,80.0         ,80.0              ,
catB2_1                           ,                ,RESISTANT ,RESISTANCE,"phenicol"                          ,80.0         ,80.0              ,
catB10_1                          ,                ,RESISTANT ,RESISTANCE,"phenicol"                          ,80.0         ,80.0              ,
catS_1                            ,                ,RESISTANT ,RESISTANCE,"phenicol"                          ,80.0         ,80.0              ,
cml_1                             ,                ,RESISTANT ,RESISTANCE,"phenicol"                          ,80.0         ,80.0              ,
cmlA1_1                           ,                ,RESISTANT ,RESISTANCE,"phenicol"                          ,80.0         ,80.0              ,
cmlA1_2                           ,                ,RESISTANT ,RESISTANCE,"phenicol"                          ,80.0         ,80.0              ,
cmlV_1                            ,                ,RESISTANT ,RESISTANCE,"phenicol"                          ,80.0         ,80.0              ,
cmrA_1                            ,                ,RESISTANT ,RESISTANCE,"phenicol"                          ,80.0         ,80.0              ,
cmx_1                             ,                ,RESISTANT ,RESISTANCE,"phenicol"                          ,80.0         ,80.0              ,
dfrA9_1                           ,                ,RESISTANT ,RESISTANCE,"trimethoprim"                      ,80.0         ,80.0              ,
dfrA3b_1                          ,                ,RESISTANT ,RESISTANCE,"trimethoprim"                      ,80.0         ,80.0              ,
dfrA8_1                           ,                ,RESISTANT ,RESISTANCE,"trimethoprim"                      ,80.0         ,80.0              ,
dfrD_1                            ,                ,RESISTANT ,RESISTANCE,"trimethoprim"                      ,80.0         ,80.0              ,
dfrA20_1                          ,                ,RESISTANT ,RESISTANCE,"trimethoprim"                      ,80.0         ,80.0              ,
dfrA24_1                          ,                ,RESISTANT ,RESISTANCE,"trimethoprim"                      ,80.0         ,80.0              ,
dfrA26_1                          ,                ,RESISTANT ,RESISTANCE,"trimethoprim"                      ,80.0         ,80.0              ,
dfrA10_1                          ,                ,RESISTANT ,RESISTANCE,"trimethoprim"                      ,80.0         ,80.0              ,
dfrA23_1                          ,                ,RESISTANT ,RESISTANCE,"trimethoprim"                      ,80.0         ,80.0              ,
dfrA18_1                          ,                ,RESISTANT ,RESISTANCE,"trimethoprim"                      ,80.0         ,80.0              ,
dfrC_1                            ,                ,RESISTANT ,RESISTANCE,"trimethoprim"                      ,80.0         ,80.0              ,
dfrC_1                            ,                ,RESISTANT ,RESISTANCE,"trimethoprim"                      ,80.0         ,80.0              ,
dfrA22_1                          ,                ,RESISTANT ,RESISTANCE,"trimethoprim"                      ,80.0         ,80.0              ,
dfrA21_1                          ,                ,RESISTANT ,RESISTANCE,"trimethoprim"                      ,80.0         ,80.0              ,
dfrA12_1                          ,                ,RESISTANT ,RESISTANCE,"trimethoprim"                      ,80.0         ,80.0              ,
dfrA33_1                          ,                ,RESISTANT ,RESISTANCE,"trimethoprim"                      ,80.0         ,80.0              ,
dfrA21_1                          ,                ,RESISTANT ,RESISTANCE,"trimethoprim"                      ,80.0         ,80.0              ,
dfrA13_1                          ,                ,RESISTANT ,RESISTANCE,"trimethoprim"                      ,80.0         ,80.0              ,
dfrK_1                            ,                ,RESISTANT ,RESISTANCE,"trimethoprim"                      ,80.0         ,80.0              ,
dfrK_4                            ,                ,RESISTANT ,RESISTANCE,"trimethoprim"                      ,80.0         ,80.0              ,
dfrK_8                            ,                ,RESISTANT ,RESISTANCE,"trimethoprim"                      ,80.0         ,80.0              ,
dfrG_1                            ,                ,RESISTANT ,RESISTANCE,"trimethoprim"                      ,80.0         ,80.0              ,
dfrA3_1                           ,                ,RESISTANT ,RESISTANCE,"trimethoprim"                      ,80.0         ,80.0              ,
dfrA27_1                          ,                ,RESISTANT ,RESISTANCE,"trimethoprim"                      ,80.0         ,80.0              ,
dfrA31_1                          ,                ,RESISTANT ,RESISTANCE,"trimethoprim"                      ,80.0         ,80.0              ,
dfrA30_1                          ,                ,RESISTANT ,RESISTANCE,"trimethoprim"                      ,80.0         ,80.0              ,
dfrA15_1                          ,                ,RESISTANT ,RESISTANCE,"trimethoprim"                      ,80.0         ,80.0              ,
dfrA17_1                          ,                ,RESISTANT ,RESISTANCE,"trimethoprim"                      ,80.0         ,80.0              ,
dfrA14_1                          ,                ,RESISTANT ,RESISTANCE,"trimethoprim"                      ,80.0         ,80.0              ,
dfrA16_1                          ,                ,RESISTANT ,RESISTANCE,"trimethoprim"                      ,80.0         ,80.0              ,
C_dfrA7_1                         ,                ,RESISTANT ,RESISTANCE,"trimethoprim"                      ,80.0         ,80.0              ,
dfrA28_2                          ,                ,RESISTANT ,RESISTANCE,"trimethoprim"                      ,80.0         ,80.0              ,
dfrA5_1                           ,                ,RESISTANT ,RESISTANCE,"trimethoprim"                      ,80.0         ,80.0              ,
dfrA7_3                           ,                ,RESISTANT ,RESISTANCE,"trimethoprim"                      ,80.0         ,80.0              ,
dfrA25_1                          ,                ,RESISTANT ,RESISTANCE,"trimethoprim"                      ,80.0         ,80.0              ,
dfrA15_1                          ,                ,RESISTANT ,RESISTANCE,"trimethoprim"                      ,80.0         ,80.0              ,
dfrA16_1                          ,                ,RESISTANT ,RESISTANCE,"trimethoprim"                      ,80.0         ,80.0              ,
dfrA29_1                          ,                ,RESISTANT ,RESISTANCE,"trimethoprim"                      ,80.0         ,80.0              ,
dfrA32_1                          ,                ,RESISTANT ,RESISTANCE,"trimethoprim"                      ,80.0         ,80.0              ,
dfrA1_25                          ,                ,RESISTANT ,RESISTANCE,"trimethoprim"                      ,80.0         ,80.0              ,
dfrA1_30                          ,                ,RESISTANT ,RESISTANCE,"trimethoprim"                      ,80.0         ,80.0              ,
dfrA15b_1                         ,                ,RESISTANT ,RESISTANCE,"trimethoprim"                      ,80.0         ,80.0              ,
dfrA1_2                           ,                ,RESISTANT ,RESISTANCE,"trimethoprim"                      ,80.0         ,80.0              ,
dfrA6_1                           ,                ,RESISTANT ,RESISTANCE,"trimethoprim"                      ,80.0         ,80.0              ,
dfrA7_1                           ,                ,RESISTANT ,RESISTANCE,"trimethoprim"                      ,80.0         ,80.0              ,
dfrA1_5                           ,                ,RESISTANT ,RESISTANCE,"trimethoprim"                      ,80.0         ,80.0              ,
dfrA14_1                          ,                ,RESISTANT ,RESISTANCE,"trimethoprim"                      ,80.0         ,80.0              ,
dfrA7_2                           ,                ,RESISTANT ,RESISTANCE,"trimethoprim"                      ,80.0         ,80.0              ,
dfrA1_1                           ,                ,RESISTANT ,RESISTANCE,"trimethoprim"                      ,80.0         ,80.0              ,
dfrB2_1                           ,                ,RESISTANT ,RESISTANCE,"trimethoprim"                      ,80.0         ,80.0              ,
dfrB1_2                           ,                ,RESISTANT ,RESISTANCE,"trimethoprim"                      ,80.0         ,80.0              ,
dfrB4_1                           ,                ,RESISTANT ,RESISTANCE,"trimethoprim"                      ,80.0         ,80.0              ,
dfrB3_1                           ,                ,RESISTANT ,RESISTANCE,"trimethoprim"                      ,80.0         ,80.0              ,
C_dfrB3_1                         ,                ,RESISTANT ,RESISTANCE,"trimethoprim"                      ,80.0         ,80.0              ,
dfrB5_1                           ,                ,RESISTANT ,RESISTANCE,"trimethoprim"                      ,80.0         ,80.0              ,
dfrB6_1                           ,                ,RESISTANT ,RESISTANCE,"trimethoprim"                      ,80.0         ,80.0              ,
dfrB7_1                           ,                ,RESISTANT ,RESISTANCE,"trimethoprim"                      ,80.0         ,80.0              ,
dfrB8_1                           ,                ,RESISTANT ,RESISTANCE,"trimethoprim"                      ,80.0         ,80.0              ,
ereA_1                            ,                ,RESISTANT ,RESISTANCE,"macrolide"                         ,80.0         ,80.0              ,
ereA_2                            ,                ,RESISTANT ,RESISTANCE,"macrolide"                         ,80.0         ,80.0              ,
ereA_3                            ,                ,RESISTANT ,RESISTANCE,"macrolide"                         ,80.0         ,80.0              ,
ereA_4                            ,                ,RESISTANT ,RESISTANCE,"macrolide"                         ,80.0         ,80.0              ,
ereB_2                            ,                ,RESISTANT ,RESISTANCE,"macrolide"                         ,80.0         ,80.0              ,
erm30_1                           ,                ,RESISTANT ,RESISTANCE,"macrolide"                         ,80.0         ,80.0              ,
erm31_1                           ,                ,RESISTANT ,RESISTANCE,"macrolide"                         ,80.0         ,80.0              ,
erm32_1                           ,                ,RESISTANT ,RESISTANCE,"macrolide"                         ,80.0         ,80.0              ,
erm33_2                           ,                ,RESISTANT ,RESISTANCE,"macrolide"                         ,80.0         ,80.0              ,
erm34_1                           ,                ,RESISTANT ,RESISTANCE,"macrolide"                         ,80.0         ,80.0              ,
erm35_1                           ,                ,RESISTANT ,RESISTANCE,"macrolide"                         ,80.0         ,80.0              ,
erm36_1                           ,                ,RESISTANT ,RESISTANCE,"macrolide"                         ,80.0         ,80.0              ,
erm38_1                           ,                ,RESISTANT ,RESISTANCE,"macrolide"                         ,80.0         ,80.0              ,
erm39_1                           ,                ,RESISTANT ,RESISTANCE,"macrolide"                         ,80.0         ,80.0              ,
erm40_1                           ,                ,RESISTANT ,RESISTANCE,"macrolide"                         ,80.0         ,80.0              ,
erm41_1                           ,                ,RESISTANT ,RESISTANCE,"macrolide"                         ,80.0         ,80.0              ,
erm42_1                           ,                ,RESISTANT ,RESISTANCE,"macrolide"                         ,80.0         ,80.0              ,
erm42_2                           ,                ,RESISTANT ,RESISTANCE,"macrolide"                         ,80.0         ,80.0              ,
ermA_1                            ,                ,RESISTANT ,RESISTANCE,"macrolide"                         ,80.0         ,80.0              ,
ermA_2                            ,                ,RESISTANT ,RESISTANCE,"macrolide"                         ,80.0         ,80.0              ,
ermA_3                            ,                ,RESISTANT ,RESISTANCE,"macrolide"                         ,80.0         ,80.0              ,
ermB_7                            ,                ,RESISTANT ,RESISTANCE,"macrolide"                         ,80.0         ,80.0              ,
ermB_17                           ,                ,RESISTANT ,RESISTANCE,"macrolide"                         ,80.0         ,80.0              ,
ermB_18                           ,                ,RESISTANT ,RESISTANCE,"macrolide"                         ,80.0         ,80.0              ,
ermB_1                            ,                ,RESISTANT ,RESISTANCE,"macrolide"                         ,80.0         ,80.0              ,
ermB_2                            ,                ,RESISTANT ,RESISTANCE,"macrolide"                         ,80.0         ,80.0              ,
ermB_6                            ,                ,RESISTANT ,RESISTANCE,"macrolide"                         ,80.0         ,80.0              ,
ermB_9                            ,                ,RESISTANT ,RESISTANCE,"macrolide"                         ,80.0         ,80.0              ,
ermB_10                           ,                ,RESISTANT ,RESISTANCE,"macrolide"                         ,80.0         ,80.0              ,
ermB_11                           ,                ,RESISTANT ,RESISTANCE,"macrolide"                         ,80.0         ,80.0              ,
ermB_12                           ,                ,RESISTANT ,RESISTANCE,"macrolide"                         ,80.0         ,80.0              ,
ermB_15                           ,                ,RESISTANT ,RESISTANCE,"macrolide"                         ,80.0         ,80.0              ,
ermB_16                           ,                ,RESISTANT ,RESISTANCE,"macrolide"                         ,80.0         ,80.0              ,
ermB_20                           ,                ,RESISTANT ,RESISTANCE,"macrolide"                         ,80.0         ,80.0              ,
ermB_21                           ,                ,RESISTANT ,RESISTANCE,"macrolide"                         ,80.0         ,80.0              ,
C_ermC_1                          ,                ,RESISTANT ,RESISTANCE,"macrolide"                         ,80.0         ,80.0              ,
C_ermC_2                          ,                ,RESISTANT ,RESISTANCE,"macrolide"                         ,80.0         ,80.0              ,
ermC_3                            ,                ,RESISTANT ,RESISTANCE,"macrolide"                         ,80.0         ,80.0              ,
ermC_6                            ,                ,RESISTANT ,RESISTANCE,"macrolide"                         ,80.0         ,80.0              ,
ermC_9                            ,                ,RESISTANT ,RESISTANCE,"macrolide"                         ,80.0         ,80.0              ,
ermC_10                           ,                ,RESISTANT ,RESISTANCE,"macrolide"                         ,80.0         ,80.0              ,
ermC_12                           ,                ,RESISTANT ,RESISTANCE,"macrolide"                         ,80.0         ,80.0              ,
ermC_13                           ,                ,RESISTANT ,RESISTANCE,"macrolide"                         ,80.0         ,80.0              ,
ermC_14                           ,                ,RESISTANT ,RESISTANCE,"macrolide"                         ,80.0         ,80.0              ,
ermC_15                           ,                ,RESISTANT ,RESISTANCE,"macrolide"                         ,80.0         ,80.0              ,
ermC_16                           ,                ,RESISTANT ,RESISTANCE,"macrolide"                         ,80.0         ,80.0              ,
ermD_1                            ,                ,RESISTANT ,RESISTANCE,"macrolide"                         ,80.0         ,80.0              ,
ermD_2                            ,                ,RESISTANT ,RESISTANCE,"macrolide"                         ,80.0         ,80.0              ,
ermD_3                            ,                ,RESISTANT ,RESISTANCE,"macrolide"                         ,80.0         ,80.0              ,
ermE_1                            ,                ,RESISTANT ,RESISTANCE,"macrolide"                         ,80.0         ,80.0              ,
ermE_2                            ,                ,RESISTANT ,RESISTANCE,"macrolide"                         ,80.0         ,80.0              ,
ermF_2                            ,                ,RESISTANT ,RESISTANCE,"macrolide"                         ,80.0         ,80.0              ,
ermF_3                            ,                ,RESISTANT ,RESISTANCE,"macrolide"                         ,80.0         ,80.0              ,
ermF_4                            ,                ,RESISTANT ,RESISTANCE,"macrolide"                         ,80.0         ,80.0              ,
ermG_1                            ,                ,RESISTANT ,RESISTANCE,"macrolide"                         ,80.0         ,80.0              ,
ermG_2                            ,                ,RESISTANT ,RESISTANCE,"macrolide"                         ,80.0         ,80.0              ,
ermH_1                            ,                ,RESISTANT ,RESISTANCE,"macrolide"                         ,80.0         ,80.0              ,
ermN_1                            ,                ,RESISTANT ,RESISTANCE,"macrolide"                         ,80.0         ,80.0              ,
ermO_1                            ,                ,RESISTANT ,RESISTANCE,"macrolide"                         ,80.0         ,80.0              ,
ermO_2                            ,                ,RESISTANT ,RESISTANCE,"macrolide"                         ,80.0         ,80.0              ,
ermQ_1                            ,                ,RESISTANT ,RESISTANCE,"macrolide"                         ,80.0         ,80.0              ,
ermR_2                            ,                ,RESISTANT ,RESISTANCE,"macrolide"                         ,80.0         ,80.0              ,
ermS_1                            ,                ,RESISTANT ,RESISTANCE,"macrolide"                         ,80.0         ,80.0              ,
ermT_1                            ,                ,RESISTANT ,RESISTANCE,"macrolide"                         ,80.0         ,80.0              ,
ermT_2                            ,                ,RESISTANT ,RESISTANCE,"macrolide"                         ,80.0         ,80.0              ,
ermT_3                            ,                ,RESISTANT ,RESISTANCE,"macrolide"                         ,80.0         ,80.0              ,
ermV_1                            ,                ,RESISTANT ,RESISTANCE,"macrolide"                         ,80.0         ,80.0              ,
ermX_1                            ,                ,RESISTANT ,RESISTANCE,"macrolide"                         ,80.0         ,80.0              ,
ermX_2                            ,                ,RESISTANT ,RESISTANCE,"macrolide"                         ,80.0         ,80.0              ,
ermX_3                            ,                ,RESISTANT ,RESISTANCE,"macrolide"                         ,80.0         ,80.0              ,
ermX_4_NC                         ,                ,RESISTANT ,RESISTANCE,"macrolide"                         ,80.0         ,80.0              ,
ermY_1                            ,                ,RESISTANT ,RESISTANCE,"macrolide"                         ,80.0         ,80.0              ,
ermZ_1                            ,                ,RESISTANT ,RESISTANCE,"macrolide"                         ,80.0         ,80.0              ,
fexA_1                            ,                ,RESISTANT ,RESISTANCE,"phenicol"                          ,80.0         ,80.0              ,
floR_2                            ,                ,RESISTANT ,RESISTANCE,"phenicol"                          ,80.0         ,80.0              ,
floR_1                            ,                ,RESISTANT ,RESISTANCE,"phenicol"                          ,80.0         ,80.0              ,
floR_3                            ,                ,RESISTANT ,RESISTANCE,"phenicol"                          ,80.0         ,80.0              ,
fosA_1_NZ                         ,                ,RESISTANT ,RESISTANCE,"fosfomycin"                        ,80.0         ,80.0              ,
fosA_16                           ,                ,RESISTANT ,RESISTANCE,"fosfomycin"                        ,80.0         ,80.0              ,
fosA_14                           ,                ,RESISTANT ,RESISTANCE,"fosfomycin"                        ,80.0         ,80.0              ,
fosA_13                           ,                ,RESISTANT ,RESISTANCE,"fosfomycin"                        ,80.0         ,80.0              ,
fosA_10                           ,                ,RESISTANT ,RESISTANCE,"fosfomycin"                        ,80.0         ,80.0              ,
fosA_7_NZ                         ,                ,RESISTANT ,RESISTANCE,"fosfomycin"                        ,80.0         ,80.0              ,
fosA_6_NZ                         ,                ,RESISTANT ,RESISTANCE,"fosfomycin"                        ,80.0         ,80.0              ,
fosA_5_NZ                         ,                ,RESISTANT ,RESISTANCE,"fosfomycin"                        ,80.0         ,80.0              ,
fosA_3_NZ                         ,                ,RESISTANT ,RESISTANCE,"fosfomycin"                        ,80.0         ,80.0              ,
fosA_2                            ,                ,RESISTANT ,RESISTANCE,"fosfomycin"                        ,80.0         ,80.0              ,
fosA_8                            ,                ,RESISTANT ,RESISTANCE,"fosfomycin"                        ,80.0         ,80.0              ,
fosB_1                            ,                ,RESISTANT ,RESISTANCE,"fosfomycin"                        ,80.0         ,80.0              ,
fosB_2                            ,                ,RESISTANT ,RESISTANCE,"fosfomycin"                        ,80.0         ,80.0              ,
fosB_3                            ,                ,RESISTANT ,RESISTANCE,"fosfomycin"                        ,80.0         ,80.0              ,
fosC_1                            ,                ,RESISTANT ,RESISTANCE,"fosfomycin"                        ,80.0         ,80.0              ,
fosC_2                            ,                ,RESISTANT ,RESISTANCE,"fosfomycin"                        ,80.0         ,80.0              ,
fusA_17                           ,                ,RESISTANT ,RESISTANCE,"fusidicacid"                       ,80.0         ,80.0              ,
fusA_9                            ,                ,RESISTANT ,RESISTANCE,"fusidicacid"                       ,80.0         ,80.0              ,
fusB_3                            ,                ,RESISTANT ,RESISTANCE,"fusidicacid"                       ,80.0         ,80.0              ,
fusB_1                            ,                ,RESISTANT ,RESISTANCE,"fusidicacid"                       ,80.0         ,80.0              ,
hugA_1                            ,                ,RESISTANT ,RESISTANCE,"aminoglycoside"                    ,80.0         ,80.0              ,
imiH_1                            ,                ,RESISTANT ,RESISTANCE,"metallobetalactamase"              ,80.0         ,80.0              ,
imiS_1                            ,                ,RESISTANT ,RESISTANCE,"metallobetalactamase"              ,80.0         ,80.0              ,
lmrA_1                            ,                ,RESISTANT ,RESISTANCE,"macrolide"                         ,80.0         ,80.0              ,
lmrB_1                            ,                ,RESISTANT ,RESISTANCE,"macrolide"                         ,80.0         ,80.0              ,
lnuA_1                            ,                ,RESISTANT ,RESISTANCE,"macrolide"                         ,80.0         ,80.0              ,
lnuB_1                            ,                ,RESISTANT ,RESISTANCE,"macrolide"                         ,80.0         ,80.0              ,
lnuC_1                            ,                ,RESISTANT ,RESISTANCE,"macrolide"                         ,80.0         ,80.0              ,
lnuD_1                            ,                ,RESISTANT ,RESISTANCE,"macrolide"                         ,80.0         ,80.0              ,
lnuF_1                            ,                ,RESISTANT ,RESISTANCE,"macrolide"                         ,80.0         ,80.0              ,
lnuF_2                            ,                ,RESISTANT ,RESISTANCE,"macrolide"                         ,80.0         ,80.0              ,
lnuF_3                            ,                ,RESISTANT ,RESISTANCE,"macrolide"                         ,80.0         ,80.0              ,
lsaA_1                            ,                ,RESISTANT ,RESISTANCE,"macrolide"                         ,80.0         ,80.0              ,
lsaA_2                            ,                ,RESISTANT ,RESISTANCE,"macrolide"                         ,80.0         ,80.0              ,
lsaA_3                            ,                ,RESISTANT ,RESISTANCE,"macrolide"                         ,80.0         ,80.0              ,
lsaB_1                            ,                ,RESISTANT ,RESISTANCE,"macrolide"                         ,80.0         ,80.0              ,
lsaC_1                            ,                ,RESISTANT ,RESISTANCE,"macrolide"                         ,80.0         ,80.0              ,
mefA_3                            ,                ,RESISTANT ,RESISTANCE,"macrolide"                         ,80.0         ,80.0              ,
mefA_10                           ,                ,RESISTANT ,RESISTANCE,"macrolide"                         ,80.0         ,80.0              ,
C_mefB_1                          ,                ,RESISTANT ,RESISTANCE,"macrolide"                         ,80.0         ,80.0              ,
mphA_1                            ,                ,RESISTANT ,RESISTANCE,"macrolide"                         ,80.0         ,80.0              ,
mphB_1                            ,                ,RESISTANT ,RESISTANCE,"macrolide"                         ,80.0         ,80.0              ,
mphC_1                            ,                ,RESISTANT ,RESISTANCE,"macrolide"                         ,80.0         ,80.0              ,
mphC_2                            ,                ,RESISTANT ,RESISTANCE,"macrolide"                         ,80.0         ,80.0              ,
mphE_3                            ,                ,RESISTANT ,RESISTANCE,"macrolide"                         ,80.0         ,80.0              ,
msrA_1                            ,                ,RESISTANT ,RESISTANCE,"macrolide"                         ,80.0         ,80.0              ,
msrA_2                            ,                ,RESISTANT ,RESISTANCE,"macrolide"                         ,80.0         ,80.0              ,
msrC_1                            ,                ,RESISTANT ,RESISTANCE,"macrolide"                         ,80.0         ,80.0              ,
msrC_2                            ,                ,RESISTANT ,RESISTANCE,"macrolide"                         ,80.0         ,80.0              ,
msrD_2                            ,                ,RESISTANT ,RESISTANCE,"macrolide"                         ,80.0         ,80.0              ,
msrD_3                            ,                ,RESISTANT ,RESISTANCE,"macrolide"                         ,80.0         ,80.0              ,
msrE_4                            ,                ,RESISTANT ,RESISTANCE,"macrolide"                         ,80.0         ,80.0              ,
msrE_7                            ,                ,RESISTANT ,RESISTANCE,"macrolide"                         ,80.0         ,80.0              ,
npmA_1                            ,                ,RESISTANT ,RESISTANCE,"aminoglycoside"                    ,80.0         ,80.0              ,
oleB_1                            ,                ,RESISTANT ,RESISTANCE,"macrolide"                         ,80.0         ,80.0              ,
oleC_1                            ,                ,RESISTANT ,RESISTANCE,"macrolide"                         ,80.0         ,80.0              ,
oqxA_1                            ,                ,RESISTANT ,RESISTANCE,"quinolone"                         ,80.0         ,80.0              ,
oqxB_1                            ,                ,RESISTANT ,RESISTANCE,"quinolone"                         ,80.0         ,80.0              ,
ortB_1                            ,                ,RESISTANT ,RESISTANCE,"tetracycline"                      ,80.0         ,80.0              ,
ortB_2                            ,                ,RESISTANT ,RESISTANCE,"tetracycline"                      ,80.0         ,80.0              ,
otrA_1                            ,                ,RESISTANT ,RESISTANCE,"tetracycline"                      ,80.0         ,80.0              ,
penA_1                            ,                ,RESISTANT ,RESISTANCE,"betalactamase"                     ,80.0         ,80.0              ,
catpC221_1                        ,                ,RESISTANT ,RESISTANCE,"phenicol"                          ,80.0         ,80.0              ,
catpC233_1                        ,                ,RESISTANT ,RESISTANCE,"phenicol"                          ,80.0         ,80.0              ,
catpC194_1_NC                     ,                ,RESISTANT ,RESISTANCE,"phenicol"                          ,80.0         ,80.0              ,
pexA_1                            ,                ,RESISTANT ,RESISTANCE,"phenicol"                          ,80.0         ,80.0              ,
qepA_1                            ,                ,RESISTANT ,RESISTANCE,"quinolone"                         ,80.0         ,80.0              ,
QnrA1_1                           ,                ,RESISTANT ,RESISTANCE,"quinolone"                         ,80.0         ,80.0              ,
QnrA2_1                           ,                ,RESISTANT ,RESISTANCE,"quinolone"                         ,80.0         ,80.0              ,
QnrA3_1                           ,                ,RESISTANT ,RESISTANCE,"quinolone"                         ,80.0         ,80.0              ,
QnrA4_1                           ,                ,RESISTANT ,RESISTANCE,"quinolone"                         ,80.0         ,80.0              ,
QnrA5_1                           ,                ,RESISTANT ,RESISTANCE,"quinolone"                         ,80.0         ,80.0              ,
QnrA6_1                           ,                ,RESISTANT ,RESISTANCE,"quinolone"                         ,80.0         ,80.0              ,
QnrA7_1                           ,                ,RESISTANT ,RESISTANCE,"quinolone"                         ,80.0         ,80.0              ,
QnrB6_1                           ,                ,RESISTANT ,RESISTANCE,"quinolone"                         ,80.0         ,80.0              ,
QnrB29_1                          ,                ,RESISTANT ,RESISTANCE,"quinolone"                         ,80.0         ,80.0              ,
QnrB13_1                          ,                ,RESISTANT ,RESISTANCE,"quinolone"                         ,80.0         ,80.0              ,
QnrB2_1                           ,                ,RESISTANT ,RESISTANCE,"quinolone"                         ,80.0         ,80.0              ,
QnrB1_1                           ,                ,RESISTANT ,RESISTANCE,"quinolone"                         ,80.0         ,80.0              ,
QnrB10_8                          ,                ,RESISTANT ,RESISTANCE,"quinolone"                         ,80.0         ,80.0              ,
QnrB19_1                          ,                ,RESISTANT ,RESISTANCE,"quinolone"                         ,80.0         ,80.0              ,
QnrB4_1                           ,                ,RESISTANT ,RESISTANCE,"quinolone"                         ,80.0         ,80.0              ,
QnrB22_1                          ,                ,RESISTANT ,RESISTANCE,"quinolone"                         ,80.0         ,80.0              ,
QnrB34_1                          ,                ,RESISTANT ,RESISTANCE,"quinolone"                         ,80.0         ,80.0              ,
QnrB9_1                           ,                ,RESISTANT ,RESISTANCE,"quinolone"                         ,80.0         ,80.0              ,
QnrB12_2                          ,                ,RESISTANT ,RESISTANCE,"quinolone"                         ,80.0         ,80.0              ,
QnrB37_1                          ,                ,RESISTANT ,RESISTANCE,"quinolone"                         ,80.0         ,80.0              ,
QnrB27_2                          ,                ,RESISTANT ,RESISTANCE,"quinolone"                         ,80.0         ,80.0              ,
QnrB27_1                          ,                ,RESISTANT ,RESISTANCE,"quinolone"                         ,80.0         ,80.0              ,
QnrB28_1                          ,                ,RESISTANT ,RESISTANCE,"quinolone"                         ,80.0         ,80.0              ,
QnrB33_1                          ,                ,RESISTANT ,RESISTANCE,"quinolone"                         ,80.0         ,80.0              ,
QnrB8_1                           ,                ,RESISTANT ,RESISTANCE,"quinolone"                         ,80.0         ,80.0              ,
QnrB21_1                          ,                ,RESISTANT ,RESISTANCE,"quinolone"                         ,80.0         ,80.0              ,
QnrB25_1                          ,                ,RESISTANT ,RESISTANCE,"quinolone"                         ,80.0         ,80.0              ,
QnrB35_1                          ,                ,RESISTANT ,RESISTANCE,"quinolone"                         ,80.0         ,80.0              ,
QnrB38_1                          ,                ,RESISTANT ,RESISTANCE,"quinolone"                         ,80.0         ,80.0              ,
QnrB5_1                           ,                ,RESISTANT ,RESISTANCE,"quinolone"                         ,80.0         ,80.0              ,
QnrB10_1                          ,                ,RESISTANT ,RESISTANCE,"quinolone"                         ,80.0         ,80.0              ,
QnrB36_1                          ,                ,RESISTANT ,RESISTANCE,"quinolone"                         ,80.0         ,80.0              ,
QnrB31_1                          ,                ,RESISTANT ,RESISTANCE,"quinolone"                         ,80.0         ,80.0              ,
QnrB32_1                          ,                ,RESISTANT ,RESISTANCE,"quinolone"                         ,80.0         ,80.0              ,
QnrB11_1                          ,                ,RESISTANT ,RESISTANCE,"quinolone"                         ,80.0         ,80.0              ,
QnrB20_1                          ,                ,RESISTANT ,RESISTANCE,"quinolone"                         ,80.0         ,80.0              ,
QnrB23_1                          ,                ,RESISTANT ,RESISTANCE,"quinolone"                         ,80.0         ,80.0              ,
QnrB24_1                          ,                ,RESISTANT ,RESISTANCE,"quinolone"                         ,80.0         ,80.0              ,
QnrB7_1                           ,                ,RESISTANT ,RESISTANCE,"quinolone"                         ,80.0         ,80.0              ,
QnrB32_2                          ,                ,RESISTANT ,RESISTANCE,"quinolone"                         ,80.0         ,80.0              ,
QnrB30_1                          ,                ,RESISTANT ,RESISTANCE,"quinolone"                         ,80.0         ,80.0              ,
QnrB18_1                          ,                ,RESISTANT ,RESISTANCE,"quinolone"                         ,80.0         ,80.0              ,
QnrB14_1                          ,                ,RESISTANT ,RESISTANCE,"quinolone"                         ,80.0         ,80.0              ,
QnrB15_1                          ,                ,RESISTANT ,RESISTANCE,"quinolone"                         ,80.0         ,80.0              ,
QnrB6_3                           ,                ,RESISTANT ,RESISTANCE,"quinolone"                         ,80.0         ,80.0              ,
QnrB17_1                          ,                ,RESISTANT ,RESISTANCE,"quinolone"                         ,80.0         ,80.0              ,
QnrB17_2                          ,                ,RESISTANT ,RESISTANCE,"quinolone"                         ,80.0         ,80.0              ,
QnrB3_1                           ,                ,RESISTANT ,RESISTANCE,"quinolone"                         ,80.0         ,80.0              ,
QnrC_1                            ,                ,RESISTANT ,RESISTANCE,"quinolone"                         ,80.0         ,80.0              ,
QnrC_2                            ,                ,RESISTANT ,RESISTANCE,"quinolone"                         ,80.0         ,80.0              ,
QnrD_1                            ,                ,RESISTANT ,RESISTANCE,"quinolone"                         ,80.0         ,80.0              ,
QnrS2_1                           ,                ,RESISTANT ,RESISTANCE,"quinolone"                         ,80.0         ,80.0              ,
QnrS1_1                           ,                ,RESISTANT ,RESISTANCE,"quinolone"                         ,80.0         ,80.0              ,
QnrS4_1                           ,                ,RESISTANT ,RESISTANCE,"quinolone"                         ,80.0         ,80.0              ,
QnrS5_1                           ,                ,RESISTANT ,RESISTANCE,"quinolone"                         ,80.0         ,80.0              ,
rmtC_1                            ,                ,RESISTANT ,RESISTANCE,"aminoglycoside"                    ,80.0         ,80.0              ,
rmtE_1                            ,                ,RESISTANT ,RESISTANCE,"aminoglycoside"                    ,80.0         ,80.0              ,
srmB_1                            ,                ,RESISTANT ,RESISTANCE,"macrolide"                         ,80.0         ,80.0              ,
strA_1                            ,                ,RESISTANT ,RESISTANCE,"aminoglycoside"                    ,80.0         ,80.0              ,
strA_2                            ,                ,RESISTANT ,RESISTANCE,"aminoglycoside"                    ,80.0         ,80.0              ,
strA_3                            ,                ,RESISTANT ,RESISTANCE,"aminoglycoside"                    ,80.0         ,80.0              ,
strA_4_NC                         ,                ,RESISTANT ,RESISTANCE,"aminoglycoside"                    ,80.0         ,80.0              ,
strA_5                            ,                ,RESISTANT ,RESISTANCE,"aminoglycoside"                    ,80.0         ,80.0              ,
strB_1                            ,                ,RESISTANT ,RESISTANCE,"aminoglycoside"                    ,80.0         ,80.0              ,
strB_3                            ,                ,RESISTANT ,RESISTANCE,"aminoglycoside"                    ,80.0         ,80.0              ,
str_2                             ,                ,RESISTANT ,RESISTANCE,"aminoglycoside"                    ,80.0         ,80.0              ,
str_1                             ,                ,RESISTANT ,RESISTANCE,"aminoglycoside"                    ,80.0         ,80.0              ,
sul1_11                           ,                ,RESISTANT ,RESISTANCE,"sulphonamide"                      ,80.0         ,80.0              ,
sul1_1                            ,                ,RESISTANT ,RESISTANCE,"sulphonamide"                      ,80.0         ,80.0              ,
sul1_7                            ,                ,RESISTANT ,RESISTANCE,"sulphonamide"                      ,80.0         ,80.0              ,
sul1_9                            ,                ,RESISTANT ,RESISTANCE,"sulphonamide"                      ,80.0         ,80.0              ,
sul1_19                           ,                ,RESISTANT ,RESISTANCE,"sulphonamide"                      ,80.0         ,80.0              ,
sul1_5                            ,                ,RESISTANT ,RESISTANCE,"sulphonamide"                      ,80.0         ,80.0              ,
sul1_21                           ,                ,RESISTANT ,RESISTANCE,"sulphonamide"                      ,80.0         ,80.0              ,
sul1_15                           ,                ,RESISTANT ,RESISTANCE,"sulphonamide"                      ,80.0         ,80.0              ,
sul1_22                           ,                ,RESISTANT ,RESISTANCE,"sulphonamide"                      ,80.0         ,80.0              ,
sul1_3                            ,                ,RESISTANT ,RESISTANCE,"sulphonamide"                      ,80.0         ,80.0              ,
sul1_14                           ,                ,RESISTANT ,RESISTANCE,"sulphonamide"                      ,80.0         ,80.0              ,
sul1_24                           ,                ,RESISTANT ,RESISTANCE,"sulphonamide"                      ,80.0         ,80.0              ,
sul1_17                           ,                ,RESISTANT ,RESISTANCE,"sulphonamide"                      ,80.0         ,80.0              ,
sul1_23                           ,                ,RESISTANT ,RESISTANCE,"sulphonamide"                      ,80.0         ,80.0              ,
sul1_25                           ,                ,RESISTANT ,RESISTANCE,"sulphonamide"                      ,80.0         ,80.0              ,
sul1_26                           ,                ,RESISTANT ,RESISTANCE,"sulphonamide"                      ,80.0         ,80.0              ,
sul1_27                           ,                ,RESISTANT ,RESISTANCE,"sulphonamide"                      ,80.0         ,80.0              ,
sul1_18                           ,                ,RESISTANT ,RESISTANCE,"sulphonamide"                      ,80.0         ,80.0              ,
sul1_28                           ,                ,RESISTANT ,RESISTANCE,"sulphonamide"                      ,80.0         ,80.0              ,
sul1_29                           ,                ,RESISTANT ,RESISTANCE,"sulphonamide"                      ,80.0         ,80.0              ,
sul1_30                           ,                ,RESISTANT ,RESISTANCE,"sulphonamide"                      ,80.0         ,80.0              ,
sul1_31                           ,                ,RESISTANT ,RESISTANCE,"sulphonamide"                      ,80.0         ,80.0              ,
sul1_33                           ,                ,RESISTANT ,RESISTANCE,"sulphonamide"                      ,80.0         ,80.0              ,
sul1_20                           ,                ,RESISTANT ,RESISTANCE,"sulphonamide"                      ,80.0         ,80.0              ,
sul1_32                           ,                ,RESISTANT ,RESISTANCE,"sulphonamide"                      ,80.0         ,80.0              ,
sul2_1                            ,                ,RESISTANT ,RESISTANCE,"sulphonamide"                      ,80.0         ,80.0              ,
sul2_2                            ,                ,RESISTANT ,RESISTANCE,"sulphonamide"                      ,80.0         ,80.0              ,
sul2_3                            ,                ,RESISTANT ,RESISTANCE,"sulphonamide"                      ,80.0         ,80.0              ,
sul2_4                            ,                ,RESISTANT ,RESISTANCE,"sulphonamide"                      ,80.0         ,80.0              ,
sul2_5                            ,                ,RESISTANT ,RESISTANCE,"sulphonamide"                      ,80.0         ,80.0              ,
sul2_6                            ,                ,RESISTANT ,RESISTANCE,"sulphonamide"                      ,80.0         ,80.0              ,
sul2_7                            ,                ,RESISTANT ,RESISTANCE,"sulphonamide"                      ,80.0         ,80.0              ,
sul2_8                            ,                ,RESISTANT ,RESISTANCE,"sulphonamide"                      ,80.0         ,80.0              ,
sul2_9                            ,                ,RESISTANT ,RESISTANCE,"sulphonamide"                      ,80.0         ,80.0              ,
sul2_10                           ,                ,RESISTANT ,RESISTANCE,"sulphonamide"                      ,80.0         ,80.0              ,
sul2_11                           ,                ,RESISTANT ,RESISTANCE,"sulphonamide"                      ,80.0         ,80.0              ,
sul2_12                           ,                ,RESISTANT ,RESISTANCE,"sulphonamide"                      ,80.0         ,80.0              ,
sul2_13                           ,                ,RESISTANT ,RESISTANCE,"sulphonamide"                      ,80.0         ,80.0              ,
sul2_14                           ,                ,RESISTANT ,RESISTANCE,"sulphonamide"                      ,80.0         ,80.0              ,
sul2_15                           ,                ,RESISTANT ,RESISTANCE,"sulphonamide"                      ,80.0         ,80.0              ,
sul2_17                           ,                ,RESISTANT ,RESISTANCE,"sulphonamide"                      ,80.0         ,80.0              ,
sul2_18                           ,                ,RESISTANT ,RESISTANCE,"sulphonamide"                      ,80.0         ,80.0              ,
sul2_19                           ,                ,RESISTANT ,RESISTANCE,"sulphonamide"                      ,80.0         ,80.0              ,
sul2_20                           ,                ,RESISTANT ,RESISTANCE,"sulphonamide"                      ,80.0         ,80.0              ,
sul3_2                            ,                ,RESISTANT ,RESISTANCE,"sulphonamide"                      ,80.0         ,80.0              ,
sul3_3                            ,                ,RESISTANT ,RESISTANCE,"sulphonamide"                      ,80.0         ,80.0              ,
sul3_5                            ,                ,RESISTANT ,RESISTANCE,"sulphonamide"                      ,80.0         ,80.0              ,
tcr_1                             ,                ,RESISTANT ,RESISTANCE,"tetracycline"                      ,80.0         ,80.0              ,
tet30_1                           ,                ,RESISTANT ,RESISTANCE,"tetracycline"                      ,80.0         ,80.0              ,
tet31_1                           ,                ,RESISTANT ,RESISTANCE,"tetracycline"                      ,80.0         ,80.0              ,
tet31_2                           ,                ,RESISTANT ,RESISTANCE,"tetracycline"                      ,80.0         ,80.0              ,
tet32_1                           ,                ,RESISTANT ,RESISTANCE,"tetracycline"                      ,80.0         ,80.0              ,
tet32_2                           ,                ,RESISTANT ,RESISTANCE,"tetracycline"                      ,80.0         ,80.0              ,
tet44_2                           ,                ,RESISTANT ,RESISTANCE,"tetracycline"                      ,80.0         ,80.0              ,
tet33_2                           ,                ,RESISTANT ,RESISTANCE,"tetracycline"                      ,80.0         ,80.0              ,
tet33_3                           ,                ,RESISTANT ,RESISTANCE,"tetracycline"                      ,80.0         ,80.0              ,
tet38_1                           ,                ,RESISTANT ,RESISTANCE,"tetracycline"                      ,80.0         ,80.0              ,
tet38_2                           ,                ,RESISTANT ,RESISTANCE,"tetracycline"                      ,80.0         ,80.0              ,
tet38_3                           ,                ,RESISTANT ,RESISTANCE,"tetracycline"                      ,80.0         ,80.0              ,
tet40_2                           ,                ,RESISTANT ,RESISTANCE,"tetracycline"                      ,80.0         ,80.0              ,
tet40_3                           ,                ,RESISTANT ,RESISTANCE,"tetracycline"                      ,80.0         ,80.0              ,
tet42_1                           ,                ,RESISTANT ,RESISTANCE,"tetracycline"                      ,80.0         ,80.0              ,
tetC_1_NC                         ,                ,RESISTANT ,RESISTANCE,"tetracycline"                      ,80.0         ,80.0              ,
tetC_2_NC                         ,                ,RESISTANT ,RESISTANCE,"tetracycline"                      ,80.0         ,80.0              ,
tetC_10                           ,                ,RESISTANT ,RESISTANCE,"tetracycline"                      ,80.0         ,80.0              ,
tetC_5_NC                         ,                ,RESISTANT ,RESISTANCE,"tetracycline"                      ,80.0         ,80.0              ,
tetC_9                            ,                ,RESISTANT ,RESISTANCE,"tetracycline"                      ,80.0         ,80.0              ,
tetA_2                            ,                ,RESISTANT ,RESISTANCE,"tetracycline"                      ,80.0         ,80.0              ,
tetA_3                            ,                ,RESISTANT ,RESISTANCE,"tetracycline"                      ,80.0         ,80.0              ,
tetA_4                            ,                ,RESISTANT ,RESISTANCE,"tetracycline"                      ,80.0         ,80.0              ,
tetA_5                            ,                ,RESISTANT ,RESISTANCE,"tetracycline"                      ,80.0         ,80.0              ,
tetA_6                            ,                ,RESISTANT ,RESISTANCE,"tetracycline"                      ,80.0         ,80.0              ,
tetAP_1                           ,                ,RESISTANT ,RESISTANCE,"tetracycline"                      ,80.0         ,80.0              ,
tetBP_1                           ,                ,RESISTANT ,RESISTANCE,"tetracycline"                      ,80.0         ,80.0              ,
tetAP_3                           ,                ,RESISTANT ,RESISTANCE,"tetracycline"                      ,80.0         ,80.0              ,
tetAP_4                           ,                ,RESISTANT ,RESISTANCE,"tetracycline"                      ,80.0         ,80.0              ,
tetBP_3_NC                        ,                ,RESISTANT ,RESISTANCE,"tetracycline"                      ,80.0         ,80.0              ,
tetE_1                            ,                ,RESISTANT ,RESISTANCE,"tetracycline"                      ,80.0         ,80.0              ,
tetG_1                            ,                ,RESISTANT ,RESISTANCE,"tetracycline"                      ,80.0         ,80.0              ,
tetG_5                            ,                ,RESISTANT ,RESISTANCE,"tetracycline"                      ,80.0         ,80.0              ,
tetK_4                            ,                ,RESISTANT ,RESISTANCE,"tetracycline"                      ,80.0         ,80.0              ,
tetL_1                            ,                ,RESISTANT ,RESISTANCE,"tetracycline"                      ,80.0         ,80.0              ,
tetL_2                            ,                ,RESISTANT ,RESISTANCE,"tetracycline"                      ,80.0         ,80.0              ,
tetL_4                            ,                ,RESISTANT ,RESISTANCE,"tetracycline"                      ,80.0         ,80.0              ,
tetL_5                            ,                ,RESISTANT ,RESISTANCE,"tetracycline"                      ,80.0         ,80.0              ,
tetL_6                            ,                ,RESISTANT ,RESISTANCE,"tetracycline"                      ,80.0         ,80.0              ,
tetL_7                            ,                ,RESISTANT ,RESISTANCE,"tetracycline"                      ,80.0         ,80.0              ,
tetL_8                            ,                ,RESISTANT ,RESISTANCE,"tetracycline"                      ,80.0         ,80.0              ,
tetL_9                            ,                ,RESISTANT ,RESISTANCE,"tetracycline"                      ,80.0         ,80.0              ,
tetQ_4                            ,                ,RESISTANT ,RESISTANCE,"tetracycline"                      ,80.0         ,80.0              ,
tetQ_3                            ,                ,RESISTANT ,RESISTANCE,"tetracycline"                      ,80.0         ,80.0              ,
tetS_3                            ,                ,RESISTANT ,RESISTANCE,"tetracycline"                      ,80.0         ,80.0              ,
tetT_1                            ,                ,RESISTANT ,RESISTANCE,"tetracycline"                      ,80.0         ,80.0              ,
tetT_2                            ,                ,RESISTANT ,RESISTANCE,"tetracycline"                      ,80.0         ,80.0              ,
tetV_1                            ,                ,RESISTANT ,RESISTANCE,"tetracycline"                      ,80.0         ,80.0              ,
tetO_1                            ,                ,RESISTANT ,RESISTANCE,"tetracycline"                      ,80.0         ,80.0              ,
tetO_2                            ,                ,RESISTANT ,RESISTANCE,"tetracycline"                      ,80.0         ,80.0              ,
tetO_3                            ,                ,RESISTANT ,RESISTANCE,"tetracycline"                      ,80.0         ,80.0              ,
tetM_1                            ,                ,RESISTANT ,RESISTANCE,"tetracycline"                      ,80.0         ,80.0              ,
tetM_2                            ,                ,RESISTANT ,RESISTANCE,"tetracycline"                      ,80.0         ,80.0              ,
tetM_3                            ,                ,RESISTANT ,RESISTANCE,"tetracycline"                      ,80.0         ,80.0              ,
tetM_4                            ,                ,RESISTANT ,RESISTANCE,"tetracycline"                      ,80.0         ,80.0              ,
tetM_5                            ,                ,RESISTANT ,RESISTANCE,"tetracycline"                      ,80.0         ,80.0              ,
tetM_6                            ,                ,RESISTANT ,RESISTANCE,"tetracycline"                      ,80.0         ,80.0              ,
tetM_8                            ,                ,RESISTANT ,RESISTANCE,"tetracycline"                      ,80.0         ,80.0              ,
tetM_9                            ,                ,RESISTANT ,RESISTANCE,"tetracycline"                      ,80.0         ,80.0              ,
tetM_13                           ,                ,RESISTANT ,RESISTANCE,"tetracycline"                      ,80.0         ,80.0              ,
tetM_10                           ,                ,RESISTANT ,RESISTANCE,"tetracycline"                      ,80.0         ,80.0              ,
tetM_11                           ,                ,RESISTANT ,RESISTANCE,"tetracycline"                      ,80.0         ,80.0              ,
tetW_1                            ,                ,RESISTANT ,RESISTANCE,"tetracycline"                      ,80.0         ,80.0              ,
tetW_2                            ,                ,RESISTANT ,RESISTANCE,"tetracycline"                      ,80.0         ,80.0              ,
tetW_4                            ,                ,RESISTANT ,RESISTANCE,"tetracycline"                      ,80.0         ,80.0              ,
tetW_5                            ,                ,RESISTANT ,RESISTANCE,"tetracycline"                      ,80.0         ,80.0              ,
tetW_6                            ,                ,RESISTANT ,RESISTANCE,"tetracycline"                      ,80.0         ,80.0              ,
tetS_1                            ,                ,RESISTANT ,RESISTANCE,"tetracycline"                      ,80.0         ,80.0              ,
tetS_2                            ,                ,RESISTANT ,RESISTANCE,"tetracycline"                      ,80.0         ,80.0              ,
tetQ_1                            ,                ,RESISTANT ,RESISTANCE,"tetracycline"                      ,80.0         ,80.0              ,
tetQ_2                            ,                ,RESISTANT ,RESISTANCE,"tetracycline"                      ,80.0         ,80.0              ,
tetM_12                           ,                ,RESISTANT ,RESISTANCE,"tetracycline"                      ,80.0         ,80.0              ,
tet44_1_NZ                        ,                ,RESISTANT ,RESISTANCE,"tetracycline"                      ,80.0         ,80.0              ,
tet36_1                           ,                ,RESISTANT ,RESISTANCE,"tetracycline"                      ,80.0         ,80.0              ,
tetX_3                            ,                ,RESISTANT ,RESISTANCE,"tetracycline"                      ,80.0         ,80.0              ,
tetX_1                            ,                ,RESISTANT ,RESISTANCE,"tetracycline"                      ,80.0         ,80.0              ,
tetX_2                            ,                ,RESISTANT ,RESISTANCE,"tetracycline"                      ,80.0         ,80.0              ,
tetE_3                            ,                ,RESISTANT ,RESISTANCE,"tetracycline"                      ,80.0         ,80.0              ,
tetJ_1                            ,                ,RESISTANT ,RESISTANCE,"tetracycline"                      ,80.0         ,80.0              ,
tetJ_2                            ,                ,RESISTANT ,RESISTANCE,"tetracycline"                      ,80.0         ,80.0              ,
tetE_5                            ,                ,RESISTANT ,RESISTANCE,"tetracycline"                      ,80.0         ,80.0              ,
tetG_2                            ,                ,RESISTANT ,RESISTANCE,"tetracycline"                      ,80.0         ,80.0              ,
tetG_3                            ,                ,RESISTANT ,RESISTANCE,"tetracycline"                      ,80.0         ,80.0              ,
tetG_4                            ,                ,RESISTANT ,RESISTANCE,"tetracycline"                      ,80.0         ,80.0              ,
tetD_1                            ,                ,RESISTANT ,RESISTANCE,"tetracycline"                      ,80.0         ,80.0              ,
tetD_5                            ,                ,RESISTANT ,RESISTANCE,"tetracycline"                      ,80.0         ,80.0              ,
tetB_3                            ,                ,RESISTANT ,RESISTANCE,"tetracycline"                      ,80.0         ,80.0              ,
tetB_4                            ,                ,RESISTANT ,RESISTANCE,"tetracycline"                      ,80.0         ,80.0              ,
tetB_5                            ,                ,RESISTANT ,RESISTANCE,"tetracycline"                      ,80.0         ,80.0              ,
tetH_1                            ,                ,RESISTANT ,RESISTANCE,"tetracycline"                      ,80.0         ,80.0              ,
tetH_2                            ,                ,RESISTANT ,RESISTANCE,"tetracycline"                      ,80.0         ,80.0              ,
tetH_3                            ,                ,RESISTANT ,RESISTANCE,"tetracycline"                      ,80.0         ,80.0              ,
tetH_4                            ,                ,RESISTANT ,RESISTANCE,"tetracycline"                      ,80.0         ,80.0              ,
tetY_1                            ,                ,RESISTANT ,RESISTANCE,"tetracycline"                      ,80.0         ,80.0              ,
tetY_5                            ,                ,RESISTANT ,RESISTANCE,"tetracycline"                      ,80.0         ,80.0              ,
tetZ_2                            ,                ,RESISTANT ,RESISTANCE,"tetracycline"                      ,80.0         ,80.0              ,
tetZ_3                            ,                ,RESISTANT ,RESISTANCE,"tetracycline"                      ,80.0         ,80.0              ,
tlrC_1                            ,                ,RESISTANT ,RESISTANCE,"macrolide"                         ,80.0         ,80.0              ,
vatA_1                            ,                ,RESISTANT ,RESISTANCE,"macrolide"                         ,80.0         ,80.0              ,
vatB_1                            ,                ,RESISTANT ,RESISTANCE,"macrolide"                         ,80.0         ,80.0              ,
vatC_1                            ,                ,RESISTANT ,RESISTANCE,"macrolide"                         ,80.0         ,80.0              ,
vatD_1                            ,                ,RESISTANT ,RESISTANCE,"macrolide"                         ,80.0         ,80.0              ,
vatD_2                            ,                ,RESISTANT ,RESISTANCE,"macrolide"                         ,80.0         ,80.0              ,
vatE_3                            ,                ,RESISTANT ,RESISTANCE,"macrolide"                         ,80.0         ,80.0              ,
vatE_5                            ,                ,RESISTANT ,RESISTANCE,"macrolide"                         ,80.0         ,80.0              ,
vatE_6                            ,                ,RESISTANT ,RESISTANCE,"macrolide"                         ,80.0         ,80.0              ,
vatE_7                            ,                ,RESISTANT ,RESISTANCE,"macrolide"                         ,80.0         ,80.0              ,
vatE_8                            ,                ,RESISTANT ,RESISTANCE,"macrolide"                         ,80.0         ,80.0              ,
vatE_9                            ,                ,RESISTANT ,RESISTANCE,"macrolide"                         ,80.0         ,80.0              ,
vatE_10                           ,                ,RESISTANT ,RESISTANCE,"macrolide"                         ,80.0         ,80.0              ,
vatE_11                           ,                ,RESISTANT ,RESISTANCE,"macrolide"                         ,80.0         ,80.0              ,
vatF_1                            ,                ,RESISTANT ,RESISTANCE,"macrolide"                         ,80.0         ,80.0              ,
vgaA_1                            ,                ,RESISTANT ,RESISTANCE,"macrolide"                         ,80.0         ,80.0              ,
vgaA_2                            ,                ,RESISTANT ,RESISTANCE,"macrolide"                         ,80.0         ,80.0              ,
vgaALC_1                          ,                ,RESISTANT ,RESISTANCE,"macrolide"                         ,80.0         ,80.0              ,
vgaB_1                            ,                ,RESISTANT ,RESISTANCE,"macrolide"                         ,80.0         ,80.0              ,
vgaC_1                            ,                ,RESISTANT ,RESISTANCE,"macrolide"                         ,80.0         ,80.0              ,
vgaC_2_NC                         ,                ,RESISTANT ,RESISTANCE,"macrolide"                         ,80.0         ,80.0              ,
vgaE_1                            ,                ,RESISTANT ,RESISTANCE,"macrolide"                         ,80.0         ,80.0              ,
vgbA_1                            ,                ,RESISTANT ,RESISTANCE,"macrolide"                         ,80.0         ,80.0              ,
vgbB_1                            ,                ,RESISTANT ,RESISTANCE,"macrolide"                         ,80.0         ,80.0              ,
aad9                              ,                ,RESISTANT ,RESISTANCE,"aminoglycoside"                    ,80.0         ,80.0              ,
aacA                              ,                ,RESISTANT ,RESISTANCE,"aminoglycoside"                    ,80.0         ,80.0              ,
qacA                              ,                ,RESISTANT ,RESISTANCE,"antiseptic"                        ,80.0         ,80.0              ,
smr_qacC                          ,                ,RESISTANT ,RESISTANCE,"antiseptic"                        ,80.0         ,80.0              ,
qacG                              ,                ,RESISTANT ,RESISTANCE,"antiseptic"                        ,80.0         ,80.0              ,
qacH                              ,                ,RESISTANT ,RESISTANCE,"antiseptic"                        ,80.0         ,80.0              ,
qacJ                              ,                ,RESISTANT ,RESISTANCE,"antiseptic"                        ,80.0         ,80.0              ,
blaZ_LGA251                       ,                ,RESISTANT ,RESISTANCE,"betalactamase"                     ,80.0         ,80.0              ,
mecC                              ,                ,RESISTANT ,RESISTANCE,"betalactamase"                     ,80.0         ,80.0              ,
fusC                              ,                ,RESISTANT ,RESISTANCE,"fusidicacid"                       ,80.0         ,80.0              ,
fusD                              ,                ,RESISTANT ,RESISTANCE,"fusidicacid"                       ,80.0         ,80.0              ,
arsB                              ,                ,RESISTANT ,RESISTANCE,"arsenic"                           ,80.0         ,80.0              ,
arsC                              ,                ,RESISTANT ,RESISTANCE,"arsenic"                           ,80.0         ,80.0              ,
merA                              ,                ,RESISTANT ,RESISTANCE,"mercury"                           ,80.0         ,80.0              ,
merB                              ,                ,RESISTANT ,RESISTANCE,"mercury"                           ,80.0         ,80.0              ,
merT                              ,                ,RESISTANT ,RESISTANCE,"mercury"                           ,80.0         ,80.0              ,
merR                              ,                ,RESISTANT ,RESISTANCE,"mercury"                           ,80.0         ,80.0              ,
cadA                              ,                ,RESISTANT ,RESISTANCE,"cadmium"                           ,80.0         ,80.0              ,
cadC                              ,                ,RESISTANT ,RESISTANCE,"cadmium"                           ,80.0         ,80.0              ,
cadD                              ,                ,RESISTANT ,RESISTANCE,"cadmium"                           ,80.0         ,80.0              ,
mefE                              ,                ,RESISTANT ,RESISTANCE,"macrolide"                         ,80.0         ,80.0              ,
ileS2                             ,                ,RESISTANT ,RESISTANCE,"mupirocin"                         ,80.0         ,80.0              ,
aac2_Ia                           ,                ,RESISTANT ,RESISTANCE,"aminoglycoside"                    ,80.0         ,80.0              ,
aac2_Ib                           ,                ,RESISTANT ,RESISTANCE,"aminoglycoside"                    ,80.0         ,80.0              ,
aac2_Ic                           ,                ,RESISTANT ,RESISTANCE,"aminoglycoside"                    ,80.0         ,80.0              ,
aac3_IIa                          ,                ,RESISTANT ,RESISTANCE,"aminoglycoside"                    ,80.0         ,80.0              ,
aac3_IIB                          ,                ,RESISTANT ,RESISTANCE,"aminoglycoside"                    ,80.0         ,80.0              ,
aac3_VIIa                         ,                ,RESISTANT ,RESISTANCE,"aminoglycoside"                    ,80.0         ,80.0              ,
aac3_VIIIa                        ,                ,RESISTANT ,RESISTANCE,"aminoglycoside"                    ,80.0         ,80.0              ,
aac3_IXa                          ,                ,RESISTANT ,RESISTANCE,"aminoglycoside"                    ,80.0         ,80.0              ,
aac6_Il                           ,                ,RESISTANT ,RESISTANCE,"aminoglycoside"                    ,80.0         ,80.0              ,
aac6_Iy                           ,                ,RESISTANT ,RESISTANCE,"aminoglycoside"                    ,80.0         ,80.0              ,
aac6_Iq                           ,                ,RESISTANT ,RESISTANCE,"aminoglycoside"                    ,80.0         ,80.0              ,
aac6_SK                           ,                ,RESISTANT ,RESISTANCE,"aminoglycoside"                    ,80.0         ,80.0              ,
aac6_Isa                          ,                ,RESISTANT ,RESISTANCE,"aminoglycoside"                    ,80.0         ,80.0              ,
aph2_2_IVa                        ,                ,RESISTANT ,RESISTANCE,"aminoglycoside"                    ,80.0         ,80.0              ,
aph3_Ia                           ,                ,RESISTANT ,RESISTANCE,"aminoglycoside"                    ,80.0         ,80.0              ,
aph3_Ib                           ,                ,RESISTANT ,RESISTANCE,"aminoglycoside"                    ,80.0         ,80.0              ,
aph3_Ic                           ,                ,RESISTANT ,RESISTANCE,"aminoglycoside"                    ,80.0         ,80.0              ,
aph3_Va                           ,                ,RESISTANT ,RESISTANCE,"aminoglycoside"                    ,80.0         ,80.0              ,
aph3_Vb                           ,                ,RESISTANT ,RESISTANCE,"aminoglycoside"                    ,80.0         ,80.0              ,
aph3_Vc                           ,                ,RESISTANT ,RESISTANCE,"aminoglycoside"                    ,80.0         ,80.0              ,
aph3_VIa                          ,                ,RESISTANT ,RESISTANCE,"aminoglycoside"                    ,80.0         ,80.0              ,
blaAIM                            ,                ,RESISTANT ,RESISTANCE,"betalactamase"                     ,80.0         ,80.0              ,
blaSCO1                           ,                ,RESISTANT ,RESISTANCE,"betalactamase"                     ,80.0         ,80.0              ,
VanA_C_3                          ,                ,RESISTANT ,RESISTANCE,"vancomycin"                        ,80.0         ,80.0              ,
VanA_C_4                          ,                ,RESISTANT ,RESISTANCE,"vancomycin"                        ,80.0         ,80.0              ,
VanA_C_5                          ,                ,RESISTANT ,RESISTANCE,"vancomycin"                        ,80.0         ,80.0              ,
VanA_C_1                          ,                ,RESISTANT ,RESISTANCE,"vancomycin"                        ,80.0         ,80.0              ,
VanA_C_2                          ,                ,RESISTANT ,RESISTANCE,"vancomycin"                        ,80.0         ,80.0              ,
VanA_G_1                          ,                ,RESISTANT ,RESISTANCE,"vancomycin"                        ,80.0         ,80.0              ,
VanA_B_1                          ,                ,RESISTANT ,RESISTANCE,"vancomycin"                        ,80.0         ,80.0              ,
VanA_A_1                          ,                ,RESISTANT ,RESISTANCE,"vancomycin"                        ,80.0         ,80.0              ,
VanH_A_Bc_7                       ,                ,RESISTANT ,RESISTANCE,"vancomycin"                        ,80.0         ,80.0              ,
VanA_Pt_3                         ,                ,RESISTANT ,RESISTANCE,"vancomycin"                        ,80.0         ,80.0              ,
VanA_Pt2_4                        ,                ,RESISTANT ,RESISTANCE,"vancomycin"                        ,80.0         ,80.0              ,
VanA_D_2                          ,                ,RESISTANT ,RESISTANCE,"vancomycin"                        ,80.0         ,80.0              ,
VanA_D_1                          ,                ,RESISTANT ,RESISTANCE,"vancomycin"                        ,80.0         ,80.0              ,
VanA_D_4                          ,                ,RESISTANT ,RESISTANCE,"vancomycin"                        ,80.0         ,80.0              ,
VanA_Sc_2                         ,                ,RESISTANT ,RESISTANCE,"vancomycin"                        ,80.0         ,80.0              ,
VanA_Ao2_6                        ,                ,RESISTANT ,RESISTANCE,"vancomycin"                        ,80.0         ,80.0              ,
VanA_M_1                          ,                ,RESISTANT ,RESISTANCE,"vancomycin"                        ,80.0         ,80.0              ,
VanA_Pt_5                         ,                ,RESISTANT ,RESISTANCE,"vancomycin"                        ,80.0         ,80.0              ,
VanA_E_1                          ,                ,RESISTANT ,RESISTANCE,"vancomycin"                        ,80.0         ,80.0              ,
VanH_Ac1_6                        ,                ,RESISTANT ,RESISTANCE,"vancomycin"                        ,80.0         ,80.0              ,
VanH_Ao1_8                        ,                ,RESISTANT ,RESISTANCE,"vancomycin"                        ,80.0         ,80.0              ,
VanH_Ao2_9                        ,                ,RESISTANT ,RESISTANCE,"vancomycin"                        ,80.0         ,80.0              ,
VanH_A_1                          ,                ,RESISTANT ,RESISTANCE,"vancomycin"                        ,80.0         ,80.0              ,
VanH_E_1                          ,                ,RESISTANT ,RESISTANCE,"vancomycin"                        ,80.0         ,80.0              ,
VanH_Pt_3                         ,                ,RESISTANT ,RESISTANCE,"vancomycin"                        ,80.0         ,80.0              ,
VanH_Pt2_4                        ,                ,RESISTANT ,RESISTANCE,"vancomycin"                        ,80.0         ,80.0              ,
VanH_Pt_5                         ,                ,RESISTANT ,RESISTANCE,"vancomycin"                        ,80.0         ,80.0              ,
VanH_B_1                          ,                ,RESISTANT ,RESISTANCE,"vancomycin"                        ,80.0         ,80.0              ,
VanH_D_1                          ,                ,RESISTANT ,RESISTANCE,"vancomycin"                        ,80.0         ,80.0              ,
VanH_D_2                          ,                ,RESISTANT ,RESISTANCE,"vancomycin"                        ,80.0         ,80.0              ,
VanH_D_3                          ,                ,RESISTANT ,RESISTANCE,"vancomycin"                        ,80.0         ,80.0              ,
VanH_D_4                          ,                ,RESISTANT ,RESISTANCE,"vancomycin"                        ,80.0         ,80.0              ,
VanH_M_1                          ,                ,RESISTANT ,RESISTANCE,"vancomycin"                        ,80.0         ,80.0              ,
VanH_Sc_1                         ,                ,RESISTANT ,RESISTANCE,"vancomycin"                        ,80.0         ,80.0              ,
VanR_B_1                          ,                ,RESISTANT ,RESISTANCE,"vancomycin"                        ,80.0         ,80.0              ,
VanR_C_1                          ,                ,RESISTANT ,RESISTANCE,"vancomycin"                        ,80.0         ,80.0              ,
VanR_C_3                          ,                ,RESISTANT ,RESISTANCE,"vancomycin"                        ,80.0         ,80.0              ,
VanR_C_4                          ,                ,RESISTANT ,RESISTANCE,"vancomycin"                        ,80.0         ,80.0              ,
VanR_Pt_5                         ,                ,RESISTANT ,RESISTANCE,"vancomycin"                        ,80.0         ,80.0              ,
VanR_Pt_3                         ,                ,RESISTANT ,RESISTANCE,"vancomycin"                        ,80.0         ,80.0              ,
VanR_A_1                          ,                ,RESISTANT ,RESISTANCE,"vancomycin"                        ,80.0         ,80.0              ,
VanR_D_1                          ,                ,RESISTANT ,RESISTANCE,"vancomycin"                        ,80.0         ,80.0              ,
VanR_D_2                          ,                ,RESISTANT ,RESISTANCE,"vancomycin"                        ,80.0         ,80.0              ,
VanR_D_4                          ,                ,RESISTANT ,RESISTANCE,"vancomycin"                        ,80.0         ,80.0              ,
VanR_G_1                          ,                ,RESISTANT ,RESISTANCE,"vancomycin"                        ,80.0         ,80.0              ,
VanR_F_1                          ,                ,RESISTANT ,RESISTANCE,"vancomycin"                        ,80.0         ,80.0              ,
VanR_L_1                          ,                ,RESISTANT ,RESISTANCE,"vancomycin"                        ,80.0         ,80.0              ,
VanR_M_1                          ,                ,RESISTANT ,RESISTANCE,"vancomycin"                        ,80.0         ,80.0              ,
VanS_A_2                          ,                ,RESISTANT ,RESISTANCE,"vancomycin"                        ,80.0         ,80.0              ,
VanS_B_1                          ,                ,RESISTANT ,RESISTANCE,"vancomycin"                        ,80.0         ,80.0              ,
VanS_C_1                          ,                ,RESISTANT ,RESISTANCE,"vancomycin"                        ,80.0         ,80.0              ,
VanS_C_2                          ,                ,RESISTANT ,RESISTANCE,"vancomycin"                        ,80.0         ,80.0              ,
VanS_C_3                          ,                ,RESISTANT ,RESISTANCE,"vancomycin"                        ,80.0         ,80.0              ,
VanS_C_4                          ,                ,RESISTANT ,RESISTANCE,"vancomycin"                        ,80.0         ,80.0              ,
VanS_D_1                          ,                ,RESISTANT ,RESISTANCE,"vancomycin"                        ,80.0         ,80.0              ,
VanS_D_2                          ,                ,RESISTANT ,RESISTANCE,"vancomycin"                        ,80.0         ,80.0              ,
VanS_D_3                          ,                ,RESISTANT ,RESISTANCE,"vancomycin"                        ,80.0         ,80.0              ,
VanS_Pt_3                         ,                ,RESISTANT ,RESISTANCE,"vancomycin"                        ,80.0         ,80.0              ,
VanS_Pt2_4                        ,                ,RESISTANT ,RESISTANCE,"vancomycin"                        ,80.0         ,80.0              ,
VanS_F_1                          ,                ,RESISTANT ,RESISTANCE,"vancomycin"                        ,80.0         ,80.0              ,
VanS_M_1                          ,                ,RESISTANT ,RESISTANCE,"vancomycin"                        ,80.0         ,80.0              ,
VanS_G_1                          ,                ,RESISTANT ,RESISTANCE,"vancomycin"                        ,80.0         ,80.0              ,
VanS_L_1                          ,                ,RESISTANT ,RESISTANCE,"vancomycin"                        ,80.0         ,80.0              ,
VanS_Pt_5                         ,                ,RESISTANT ,RESISTANCE,"vancomycin"                        ,80.0         ,80.0              ,
VanT_C_2                          ,                ,RESISTANT ,RESISTANCE,"vancomycin"                        ,80.0         ,80.0              ,
VanT_C_3                          ,                ,RESISTANT ,RESISTANCE,"vancomycin"                        ,80.0         ,80.0              ,
VanT_C_1                          ,                ,RESISTANT ,RESISTANCE,"vancomycin"                        ,80.0         ,80.0              ,
VanT_C_1                          ,                ,RESISTANT ,RESISTANCE,"vancomycin"                        ,80.0         ,80.0              ,
VanT_G_1                          ,                ,RESISTANT ,RESISTANCE,"vancomycin"                        ,80.0         ,80.0              ,
VanTm_L_1                         ,                ,RESISTANT ,RESISTANCE,"vancomycin"                        ,80.0         ,80.0              ,
VanTr_L_1                         ,                ,RESISTANT ,RESISTANCE,"vancomycin"                        ,80.0         ,80.0              ,
VanU_G_1                          ,                ,RESISTANT ,RESISTANCE,"vancomycin"                        ,80.0         ,80.0              ,
VanW_B_1                          ,                ,RESISTANT ,RESISTANCE,"vancomycin"                        ,80.0         ,80.0              ,
VanW_G_1                          ,                ,RESISTANT ,RESISTANCE,"vancomycin"                        ,80.0         ,80.0              ,
VanW_Pt_2                         ,                ,RESISTANT ,RESISTANCE,"vancomycin"                        ,80.0         ,80.0              ,
VanXY_C_1                         ,                ,RESISTANT ,RESISTANCE,"vancomycin"                        ,80.0         ,80.0              ,
VanXY_C_3                         ,                ,RESISTANT ,RESISTANCE,"vancomycin"                        ,80.0         ,80.0              ,
VanXY_C_4                         ,                ,RESISTANT ,RESISTANCE,"vancomycin"                        ,80.0         ,80.0              ,
VanXY_C_5                         ,                ,RESISTANT ,RESISTANCE,"vancomycin"                        ,80.0         ,80.0              ,
VanX_A_1                          ,                ,RESISTANT ,RESISTANCE,"vancomycin"                        ,80.0         ,80.0              ,
VanX_B_1                          ,                ,RESISTANT ,RESISTANCE,"vancomycin"                        ,80.0         ,80.0              ,
VanX_D_1                          ,                ,RESISTANT ,RESISTANCE,"vancomycin"                        ,80.0         ,80.0              ,
VanX_D_2                          ,                ,RESISTANT ,RESISTANCE,"vancomycin"                        ,80.0         ,80.0              ,
VanX_D_4                          ,                ,RESISTANT ,RESISTANCE,"vancomycin"                        ,80.0         ,80.0              ,
VanX_E_1                          ,                ,RESISTANT ,RESISTANCE,"vancomycin"                        ,80.0         ,80.0              ,
VanX_M_1                          ,                ,RESISTANT ,RESISTANCE,"vancomycin"                        ,80.0         ,80.0              ,
VanX_Sc_1                         ,                ,RESISTANT ,RESISTANCE,"vancomycin"                        ,80.0         ,80.0              ,
VanX_Pt_3                         ,                ,RESISTANT ,RESISTANCE,"vancomycin"                        ,80.0         ,80.0              ,
VanX_Pt2_4                        ,                ,RESISTANT ,RESISTANCE,"vancomycin"                        ,80.0         ,80.0              ,
VanX_Pt_5                         ,                ,RESISTANT ,RESISTANCE,"vancomycin"                        ,80.0         ,80.0              ,
VanX_Ac1_6                        ,                ,RESISTANT ,RESISTANCE,"vancomycin"                        ,80.0         ,80.0              ,
VanX_Ao1_8                        ,                ,RESISTANT ,RESISTANCE,"vancomycin"                        ,80.0         ,80.0              ,
VanX_Ao2_9                        ,                ,RESISTANT ,RESISTANCE,"vancomycin"                        ,80.0         ,80.0              ,
VanXY_G_1                         ,                ,RESISTANT ,RESISTANCE,"vancomycin"                        ,80.0         ,80.0              ,
VanXY_L_1                         ,                ,RESISTANT ,RESISTANCE,"vancomycin"                        ,80.0         ,80.0              ,
VanY_B_1                          ,                ,RESISTANT ,RESISTANCE,"vancomycin"                        ,80.0         ,80.0              ,
VanY_F_1                          ,                ,RESISTANT ,RESISTANCE,"vancomycin"                        ,80.0         ,80.0              ,
VanY_A_2                          ,                ,RESISTANT ,RESISTANCE,"vancomycin"                        ,80.0         ,80.0              ,
VanY_Pt_3                         ,                ,RESISTANT ,RESISTANCE,"vancomycin"                        ,80.0         ,80.0              ,
VanY_Pt2_4                        ,                ,RESISTANT ,RESISTANCE,"vancomycin"                        ,80.0         ,80.0              ,
VanY_Pt_5                         ,                ,RESISTANT ,RESISTANCE,"vancomycin"                        ,80.0         ,80.0              ,
VanY_D_1                          ,                ,RESISTANT ,RESISTANCE,"vancomycin"                        ,80.0         ,80.0              ,
VanY_D_2                          ,                ,RESISTANT ,RESISTANCE,"vancomycin"                        ,80.0         ,80.0              ,
VanY_G_1                          ,                ,RESISTANT ,RESISTANCE,"vancomycin"                        ,80.0         ,80.0              ,
VanY_M_1                          ,                ,RESISTANT ,RESISTANCE,"vancomycin"                        ,80.0         ,80.0              ,
VanZ_A_1                          ,                ,RESISTANT ,RESISTANCE,"vancomycin"                        ,80.0         ,80.0              ,
VanZ_F_1                          ,                ,RESISTANT ,RESISTANCE,"vancomycin"                        ,80.0         ,80.0              ,
VanZ_Pt_3                         ,                ,RESISTANT ,RESISTANCE,"vancomycin"                        ,80.0         ,80.0              ,
VanZ_Pt_4                         ,                ,RESISTANT ,RESISTANCE,"vancomycin"                        ,80.0         ,80.0              ,
blaDHA10                          ,                ,RESISTANT ,RESISTANCE,"betalactamase"                     ,80.0         ,80.0              ,
blaDHA12                          ,                ,RESISTANT ,RESISTANCE,"betalactamase"                     ,80.0         ,80.0              ,
blaDHA13                          ,                ,RESISTANT ,RESISTANCE,"betalactamase"                     ,80.0         ,80.0              ,
blaDHA14                          ,                ,RESISTANT ,RESISTANCE,"betalactamase"                     ,80.0         ,80.0              ,
blaDHA15                          ,                ,RESISTANT ,RESISTANCE,"betalactamase"                     ,80.0         ,80.0              ,
blaDHA16                          ,                ,RESISTANT ,RESISTANCE,"betalactamase"                     ,80.0         ,80.0              ,
blaDHA17                          ,                ,RESISTANT ,RESISTANCE,"betalactamase"                     ,80.0         ,80.0              ,
blaDHA18                          ,                ,RESISTANT ,RESISTANCE,"betalactamase"                     ,80.0         ,80.0              ,
blaDHA19                          ,                ,RESISTANT ,RESISTANCE,"betalactamase"                     ,80.0         ,80.0              ,
blaDHA20                          ,                ,RESISTANT ,RESISTANCE,"betalactamase"                     ,80.0         ,80.0              ,
blaDHA21                          ,                ,RESISTANT ,RESISTANCE,"betalactamase"                     ,80.0         ,80.0              ,
blaDHA22                          ,                ,RESISTANT ,RESISTANCE,"betalactamase"                     ,80.0         ,80.0              ,
blaNDM10                          ,                ,RESISTANT ,RESISTANCE,"metallobetalactamase"              ,80.0         ,80.0              ,
blaNDM11                          ,                ,RESISTANT ,RESISTANCE,"metallobetalactamase"              ,80.0         ,80.0              ,
blaNDM12                          ,                ,RESISTANT ,RESISTANCE,"metallobetalactamase"              ,80.0         ,80.0              ,
blaNDM13                          ,                ,RESISTANT ,RESISTANCE,"metallobetalactamase"              ,80.0         ,80.0              ,
blaNDM14                          ,                ,RESISTANT ,RESISTANCE,"Betalactamase"                     ,80.0         ,80.0              ,
blaNDM15                          ,                ,RESISTANT ,RESISTANCE,"metallobetalactamase"              ,80.0         ,80.0              ,
blaNDM16                          ,                ,RESISTANT ,RESISTANCE,"class"                             ,80.0         ,80.0              ,
blaNDM2                           ,                ,RESISTANT ,RESISTANCE,"metallobetalactamase"              ,80.0         ,80.0              ,
blaNDM3                           ,                ,RESISTANT ,RESISTANCE,"metallobetalactamase"              ,80.0         ,80.0              ,
blaNDM4                           ,                ,RESISTANT ,RESISTANCE,"metallobetalactamase"              ,80.0         ,80.0              ,
blaNDM5                           ,                ,RESISTANT ,RESISTANCE,"metallobetalactamase"              ,80.0         ,80.0              ,
blaNDM6                           ,                ,RESISTANT ,RESISTANCE,"carbapenemase"                     ,80.0         ,80.0              ,
blaNDM7                           ,                ,RESISTANT ,RESISTANCE,"betalactamase"                     ,80.0         ,80.0              ,
blaNDM8                           ,                ,RESISTANT ,RESISTANCE,"metallobetalactamase"              ,80.0         ,80.0              ,
blaNDM9                           ,                ,RESISTANT ,RESISTANCE,"metallobetalactamase"              ,80.0         ,80.0              ,
blaOXA100                         ,                ,RESISTANT ,RESISTANCE,"betalactamase"                     ,80.0         ,80.0              ,
blaOXA120                         ,                ,RESISTANT ,RESISTANCE,"betalactamase"                     ,80.0         ,80.0              ,
blaOXA184                         ,                ,RESISTANT ,RESISTANCE,"betalactamase"                     ,80.0         ,80.0              ,
blaOXA185                         ,                ,RESISTANT ,RESISTANCE,"betalactamase"                     ,80.0         ,80.0              ,
blaOXA193                         ,                ,RESISTANT ,RESISTANCE,"betalactamase"                     ,80.0         ,80.0              ,
blaOXA199                         ,                ,RESISTANT ,RESISTANCE,"betalactamase"                     ,80.0         ,80.0              ,
blaOXA204                         ,                ,RESISTANT ,RESISTANCE,"betalactamase"                     ,80.0         ,80.0              ,
blaOXA207                         ,                ,RESISTANT ,RESISTANCE,"betalactamase"                     ,80.0         ,80.0              ,
blaOXA211                         ,                ,RESISTANT ,RESISTANCE,"betalactamase"                     ,80.0         ,80.0              ,
blaOXA212                         ,                ,RESISTANT ,RESISTANCE,"betalactamase"                     ,80.0         ,80.0              ,
blaOXA213                         ,                ,RESISTANT ,RESISTANCE,"betalactamase"                     ,80.0         ,80.0              ,
blaOXA214                         ,                ,RESISTANT ,RESISTANCE,"betalactamase"                     ,80.0         ,80.0              ,
blaOXA215                         ,                ,RESISTANT ,RESISTANCE,"betalactamase"                     ,80.0         ,80.0              ,
blaOXA226                         ,                ,RESISTANT ,RESISTANCE,"betalactamase"                     ,80.0         ,80.0              ,
blaOXA228                         ,                ,RESISTANT ,RESISTANCE,"betalactamase"                     ,80.0         ,80.0              ,
blaOXA229                         ,                ,RESISTANT ,RESISTANCE,"betalactamase"                     ,80.0         ,80.0              ,
blaOXA230                         ,                ,RESISTANT ,RESISTANCE,"betalactamase"                     ,80.0         ,80.0              ,
blaOXA231                         ,                ,RESISTANT ,RESISTANCE,"betalactamase"                     ,80.0         ,80.0              ,
blaOXA232                         ,                ,RESISTANT ,RESISTANCE,"betalactamase"                     ,80.0         ,80.0              ,
blaOXA248                         ,                ,RESISTANT ,RESISTANCE,"betalactamase"                     ,80.0         ,80.0              ,
blaOXA249                         ,                ,RESISTANT ,RESISTANCE,"betalactamase"                     ,80.0         ,80.0              ,
blaOXA250                         ,                ,RESISTANT ,RESISTANCE,"betalactamase"                     ,80.0         ,80.0              ,
blaOXA251                         ,                ,RESISTANT ,RESISTANCE,"betalactamase"                     ,80.0         ,80.0              ,
blaOXA253                         ,                ,RESISTANT ,RESISTANCE,"betalactamase"                     ,80.0         ,80.0              ,
blaOXA254                         ,                ,RESISTANT ,RESISTANCE,"betalactamase"                     ,80.0         ,80.0              ,
blaOXA255                         ,                ,RESISTANT ,RESISTANCE,"betalactamase"                     ,80.0         ,80.0              ,
blaOXA256                         ,                ,RESISTANT ,RESISTANCE,"betalactamase"                     ,80.0         ,80.0              ,
blaOXA257                         ,                ,RESISTANT ,RESISTANCE,"betalactamase"                     ,80.0         ,80.0              ,
blaOXA258                         ,                ,RESISTANT ,RESISTANCE,"betalactamase"                     ,80.0         ,80.0              ,
blaOXA259                         ,                ,RESISTANT ,RESISTANCE,"betalactamase"                     ,80.0         ,80.0              ,
blaOXA206                         ,                ,RESISTANT ,RESISTANCE,"betalactamase"                     ,80.0         ,80.0              ,
blaOXA261                         ,                ,RESISTANT ,RESISTANCE,"betalactamase"                     ,80.0         ,80.0              ,
blaOXA262                         ,                ,RESISTANT ,RESISTANCE,"betalactamase"                     ,80.0         ,80.0              ,
blaOXA263                         ,                ,RESISTANT ,RESISTANCE,"betalactamase"                     ,80.0         ,80.0              ,
blaOXA264                         ,                ,RESISTANT ,RESISTANCE,"betalactamase"                     ,80.0         ,80.0              ,
blaOXA265                         ,                ,RESISTANT ,RESISTANCE,"betalactamase"                     ,80.0         ,80.0              ,
blaOXA266                         ,                ,RESISTANT ,RESISTANCE,"betalactamase"                     ,80.0         ,80.0              ,
blaOXA267                         ,                ,RESISTANT ,RESISTANCE,"betalactamase"                     ,80.0         ,80.0              ,
blaOXA268                         ,                ,RESISTANT ,RESISTANCE,"betalactamase"                     ,80.0         ,80.0              ,
blaOXA269                         ,                ,RESISTANT ,RESISTANCE,"betalactamase"                     ,80.0         ,80.0              ,
blaOXA270                         ,                ,RESISTANT ,RESISTANCE,"betalactamase"                     ,80.0         ,80.0              ,
blaOXA271                         ,                ,RESISTANT ,RESISTANCE,"betalactamase"                     ,80.0         ,80.0              ,
blaOXA272                         ,                ,RESISTANT ,RESISTANCE,"betalactamase"                     ,80.0         ,80.0              ,
blaOXA273                         ,                ,RESISTANT ,RESISTANCE,"betalactamase"                     ,80.0         ,80.0              ,
blaOXA274                         ,                ,RESISTANT ,RESISTANCE,"betalactamase"                     ,80.0         ,80.0              ,
blaOXA275                         ,                ,RESISTANT ,RESISTANCE,"betalactamase"                     ,80.0         ,80.0              ,
blaOXA276                         ,                ,RESISTANT ,RESISTANCE,"betalactamase"                     ,80.0         ,80.0              ,
blaOXA277                         ,                ,RESISTANT ,RESISTANCE,"betalactamase"                     ,80.0         ,80.0              ,
blaOXA278                         ,                ,RESISTANT ,RESISTANCE,"betalactamase"                     ,80.0         ,80.0              ,
blaOXA279                         ,                ,RESISTANT ,RESISTANCE,"betalactamase"                     ,80.0         ,80.0              ,
blaOXA280                         ,                ,RESISTANT ,RESISTANCE,"betalactamase"                     ,80.0         ,80.0              ,
blaOXA281                         ,                ,RESISTANT ,RESISTANCE,"betalactamase"                     ,80.0         ,80.0              ,
blaOXA282                         ,                ,RESISTANT ,RESISTANCE,"betalactamase"                     ,80.0         ,80.0              ,
blaOXA283                         ,                ,RESISTANT ,RESISTANCE,"betalactamase"                     ,80.0         ,80.0              ,
blaOXA284                         ,                ,RESISTANT ,RESISTANCE,"betalactamase"                     ,80.0         ,80.0              ,
blaOXA285                         ,                ,RESISTANT ,RESISTANCE,"betalactamase"                     ,80.0         ,80.0              ,
blaOXA286                         ,                ,RESISTANT ,RESISTANCE,"betalactamase"                     ,80.0         ,80.0              ,
blaOXA287                         ,                ,RESISTANT ,RESISTANCE,"betalactamase"                     ,80.0         ,80.0              ,
blaOXA288                         ,                ,RESISTANT ,RESISTANCE,"betalactamase"                     ,80.0         ,80.0              ,
blaOXA289                         ,                ,RESISTANT ,RESISTANCE,"betalactamase"                     ,80.0         ,80.0              ,
blaOXA290                         ,                ,RESISTANT ,RESISTANCE,"betalactamase"                     ,80.0         ,80.0              ,
blaOXA291                         ,                ,RESISTANT ,RESISTANCE,"betalactamase"                     ,80.0         ,80.0              ,
blaOXA292                         ,                ,RESISTANT ,RESISTANCE,"betalactamase"                     ,80.0         ,80.0              ,
blaOXA293                         ,                ,RESISTANT ,RESISTANCE,"betalactamase"                     ,80.0         ,80.0              ,
blaOXA294                         ,                ,RESISTANT ,RESISTANCE,"betalactamase"                     ,80.0         ,80.0              ,
blaOXA295                         ,                ,RESISTANT ,RESISTANCE,"betalactamase"                     ,80.0         ,80.0              ,
blaOXA296                         ,                ,RESISTANT ,RESISTANCE,"betalactamase"                     ,80.0         ,80.0              ,
blaOXA297                         ,                ,RESISTANT ,RESISTANCE,"betalactamase"                     ,80.0         ,80.0              ,
blaOXA298                         ,                ,RESISTANT ,RESISTANCE,"betalactamase"                     ,80.0         ,80.0              ,
blaOXA299                         ,                ,RESISTANT ,RESISTANCE,"betalactamase"                     ,80.0         ,80.0              ,
blaOXA300                         ,                ,RESISTANT ,RESISTANCE,"betalactamase"                     ,80.0         ,80.0              ,
blaOXA301                         ,                ,RESISTANT ,RESISTANCE,"betalactamase"                     ,80.0         ,80.0              ,
blaOXA302                         ,                ,RESISTANT ,RESISTANCE,"betalactamase"                     ,80.0         ,80.0              ,
blaOXA303                         ,                ,RESISTANT ,RESISTANCE,"betalactamase"                     ,80.0         ,80.0              ,
blaOXA304                         ,                ,RESISTANT ,RESISTANCE,"betalactamase"                     ,80.0         ,80.0              ,
blaOXA305                         ,                ,RESISTANT ,RESISTANCE,"betalactamase"                     ,80.0         ,80.0              ,
blaOXA306                         ,                ,RESISTANT ,RESISTANCE,"betalactamase"                     ,80.0         ,80.0              ,
blaOXA307                         ,                ,RESISTANT ,RESISTANCE,"betalactamase"                     ,80.0         ,80.0              ,
blaOXA308                         ,                ,RESISTANT ,RESISTANCE,"betalactamase"                     ,80.0         ,80.0              ,
blaOXA309                         ,                ,RESISTANT ,RESISTANCE,"betalactamase"                     ,80.0         ,80.0              ,
blaOXA312                         ,                ,RESISTANT ,RESISTANCE,"betalactamase"                     ,80.0         ,80.0              ,
blaOXA313                         ,                ,RESISTANT ,RESISTANCE,"betalactamase"                     ,80.0         ,80.0              ,
blaOXA314                         ,                ,RESISTANT ,RESISTANCE,"betalactamase"                     ,80.0         ,80.0              ,
blaOXA315                         ,                ,RESISTANT ,RESISTANCE,"betalactamase"                     ,80.0         ,80.0              ,
blaOXA316                         ,                ,RESISTANT ,RESISTANCE,"betalactamase"                     ,80.0         ,80.0              ,
blaOXA317                         ,                ,RESISTANT ,RESISTANCE,"betalactamase"                     ,80.0         ,80.0              ,
blaOXA320                         ,                ,RESISTANT ,RESISTANCE,"betalactamase"                     ,80.0         ,80.0              ,
blaOXA322                         ,                ,RESISTANT ,RESISTANCE,"betalactamase"                     ,80.0         ,80.0              ,
blaOXA323                         ,                ,RESISTANT ,RESISTANCE,"betalactamase"                     ,80.0         ,80.0              ,
blaOXA324                         ,                ,RESISTANT ,RESISTANCE,"betalactamase"                     ,80.0         ,80.0              ,
blaOXA325                         ,                ,RESISTANT ,RESISTANCE,"betalactamase"                     ,80.0         ,80.0              ,
blaOXA326                         ,                ,RESISTANT ,RESISTANCE,"betalactamase"                     ,80.0         ,80.0              ,
blaOXA327                         ,                ,RESISTANT ,RESISTANCE,"betalactamase"                     ,80.0         ,80.0              ,
blaOXA328                         ,                ,RESISTANT ,RESISTANCE,"betalactamase"                     ,80.0         ,80.0              ,
blaOXA329                         ,                ,RESISTANT ,RESISTANCE,"betalactamase"                     ,80.0         ,80.0              ,
blaOXA330                         ,                ,RESISTANT ,RESISTANCE,"betalactamase"                     ,80.0         ,80.0              ,
blaOXA331                         ,                ,RESISTANT ,RESISTANCE,"betalactamase"                     ,80.0         ,80.0              ,
blaOXA332                         ,                ,RESISTANT ,RESISTANCE,"betalactamase"                     ,80.0         ,80.0              ,
blaOXA333                         ,                ,RESISTANT ,RESISTANCE,"betalactamase"                     ,80.0         ,80.0              ,
blaOXA334                         ,                ,RESISTANT ,RESISTANCE,"betalactamase"                     ,80.0         ,80.0              ,
blaOXA335                         ,                ,RESISTANT ,RESISTANCE,"betalactamase"                     ,80.0         ,80.0              ,
blaOXA338                         ,                ,RESISTANT ,RESISTANCE,"betalactamase"                     ,80.0         ,80.0              ,
blaOXA347                         ,                ,RESISTANT ,RESISTANCE,"betalactamase"                     ,80.0         ,80.0              ,
blaOXA348                         ,                ,RESISTANT ,RESISTANCE,"betalactamase"                     ,80.0         ,80.0              ,
blaOXA349                         ,                ,RESISTANT ,RESISTANCE,"betalactamase"                     ,80.0         ,80.0              ,
blaOXA350                         ,                ,RESISTANT ,RESISTANCE,"betalactamase"                     ,80.0         ,80.0              ,
blaOXA351                         ,                ,RESISTANT ,RESISTANCE,"betalactamase"                     ,80.0         ,80.0              ,
blaOXA352                         ,                ,RESISTANT ,RESISTANCE,"betalactamase"                     ,80.0         ,80.0              ,
blaOXA353                         ,                ,RESISTANT ,RESISTANCE,"betalactamase"                     ,80.0         ,80.0              ,
blaOXA354                         ,                ,RESISTANT ,RESISTANCE,"betalactamase"                     ,80.0         ,80.0              ,
blaOXA355                         ,                ,RESISTANT ,RESISTANCE,"betalactamase"                     ,80.0         ,80.0              ,
blaOXA356                         ,                ,RESISTANT ,RESISTANCE,"betalactamase"                     ,80.0         ,80.0              ,
blaOXA357                         ,                ,RESISTANT ,RESISTANCE,"betalactamase"                     ,80.0         ,80.0              ,
blaOXA358                         ,                ,RESISTANT ,RESISTANCE,"betalactamase"                     ,80.0         ,80.0              ,
blaOXA359                         ,                ,RESISTANT ,RESISTANCE,"betalactamase"                     ,80.0         ,80.0              ,
blaOXA360                         ,                ,RESISTANT ,RESISTANCE,"betalactamase"                     ,80.0         ,80.0              ,
blaOXA361                         ,                ,RESISTANT ,RESISTANCE,"betalactamase"                     ,80.0         ,80.0              ,
blaOXA362                         ,                ,RESISTANT ,RESISTANCE,"betalactamase"                     ,80.0         ,80.0              ,
blaOXA363                         ,                ,RESISTANT ,RESISTANCE,"betalactamase"                     ,80.0         ,80.0              ,
blaOXA365                         ,                ,RESISTANT ,RESISTANCE,"betalactamase"                     ,80.0         ,80.0              ,
blaOXA366                         ,                ,RESISTANT ,RESISTANCE,"betalactamase"                     ,80.0         ,80.0              ,
blaOXA370                         ,                ,RESISTANT ,RESISTANCE,"betalactamase"                     ,80.0         ,80.0              ,
blaOXA371                         ,                ,RESISTANT ,RESISTANCE,"betalactamase"                     ,80.0         ,80.0              ,
blaOXA372                         ,                ,RESISTANT ,RESISTANCE,"betalactamase"                     ,80.0         ,80.0              ,
blaOXA374                         ,                ,RESISTANT ,RESISTANCE,"betalactamase"                     ,80.0         ,80.0              ,
blaOXA375                         ,                ,RESISTANT ,RESISTANCE,"betalactamase"                     ,80.0         ,80.0              ,
blaOXA376                         ,                ,RESISTANT ,RESISTANCE,"betalactamase"                     ,80.0         ,80.0              ,
blaOXA377                         ,                ,RESISTANT ,RESISTANCE,"betalactamase"                     ,80.0         ,80.0              ,
blaOXA378                         ,                ,RESISTANT ,RESISTANCE,"betalactamase"                     ,80.0         ,80.0              ,
blaOXA379                         ,                ,RESISTANT ,RESISTANCE,"betalactamase"                     ,80.0         ,80.0              ,
blaOXA380                         ,                ,RESISTANT ,RESISTANCE,"betalactamase"                     ,80.0         ,80.0              ,
blaOXA381                         ,                ,RESISTANT ,RESISTANCE,"betalactamase"                     ,80.0         ,80.0              ,
blaOXA382                         ,                ,RESISTANT ,RESISTANCE,"betalactamase"                     ,80.0         ,80.0              ,
blaOXA383                         ,                ,RESISTANT ,RESISTANCE,"betalactamase"                     ,80.0         ,80.0              ,
blaOXA384                         ,                ,RESISTANT ,RESISTANCE,"betalactamase"                     ,80.0         ,80.0              ,
blaOXA385                         ,                ,RESISTANT ,RESISTANCE,"betalactamase"                     ,80.0         ,80.0              ,
blaOXA386                         ,                ,RESISTANT ,RESISTANCE,"betalactamase"                     ,80.0         ,80.0              ,
blaOXA388                         ,                ,RESISTANT ,RESISTANCE,"betalactamase"                     ,80.0         ,80.0              ,
blaOXA389                         ,                ,RESISTANT ,RESISTANCE,"betalactamase"                     ,80.0         ,80.0              ,
blaOXA390                         ,                ,RESISTANT ,RESISTANCE,"betalactamase"                     ,80.0         ,80.0              ,
blaOXA391                         ,                ,RESISTANT ,RESISTANCE,"betalactamase"                     ,80.0         ,80.0              ,
blaOXA397                         ,                ,RESISTANT ,RESISTANCE,"betalactamase"                     ,80.0         ,80.0              ,
blaOXA398                         ,                ,RESISTANT ,RESISTANCE,"betalactamase"                     ,80.0         ,80.0              ,
blaOXA405                         ,                ,RESISTANT ,RESISTANCE,"betalactamase"                     ,80.0         ,80.0              ,
blaOXA415                         ,                ,RESISTANT ,RESISTANCE,"betalactamase"                     ,80.0         ,80.0              ,
blaOXA418                         ,                ,RESISTANT ,RESISTANCE,"betalactamase"                     ,80.0         ,80.0              ,
blaOXA420                         ,                ,RESISTANT ,RESISTANCE,"betalactamase"                     ,80.0         ,80.0              ,
blaOXA421                         ,                ,RESISTANT ,RESISTANCE,"betalactamase"                     ,80.0         ,80.0              ,
blaOXA422                         ,                ,RESISTANT ,RESISTANCE,"betalactamase"                     ,80.0         ,80.0              ,
blaOXA423                         ,                ,RESISTANT ,RESISTANCE,"betalactamase"                     ,80.0         ,80.0              ,
blaOXA424                         ,                ,RESISTANT ,RESISTANCE,"betalactamase"                     ,80.0         ,80.0              ,
blaOXA425                         ,                ,RESISTANT ,RESISTANCE,"betalactamase"                     ,80.0         ,80.0              ,
blaOXA426                         ,                ,RESISTANT ,RESISTANCE,"betalactamase"                     ,80.0         ,80.0              ,
blaOXA429                         ,                ,RESISTANT ,RESISTANCE,"betalactamase"                     ,80.0         ,80.0              ,
blaOXA430                         ,                ,RESISTANT ,RESISTANCE,"betalactamase"                     ,80.0         ,80.0              ,
blaOXA431                         ,                ,RESISTANT ,RESISTANCE,"betalactamase"                     ,80.0         ,80.0              ,
blaOXA432                         ,                ,RESISTANT ,RESISTANCE,"betalactamase"                     ,80.0         ,80.0              ,
blaOXA433                         ,                ,RESISTANT ,RESISTANCE,"betalactamase"                     ,80.0         ,80.0              ,
blaOXA435                         ,                ,RESISTANT ,RESISTANCE,"betalactamase"                     ,80.0         ,80.0              ,
blaOXA437                         ,                ,RESISTANT ,RESISTANCE,"betalactamase"                     ,80.0         ,80.0              ,
blaOXA439                         ,                ,RESISTANT ,RESISTANCE,"betalactamase"                     ,80.0         ,80.0              ,
blaOXA440                         ,                ,RESISTANT ,RESISTANCE,"betalactamase"                     ,80.0         ,80.0              ,
blaOXA454                         ,                ,RESISTANT ,RESISTANCE,"betalactamase"                     ,80.0         ,80.0              ,
blaOXA455                         ,                ,RESISTANT ,RESISTANCE,"betalactamase"                     ,80.0         ,80.0              ,
blaOXA456                         ,                ,RESISTANT ,RESISTANCE,"betalactamase"                     ,80.0         ,80.0              ,
blaOXA457                         ,                ,RESISTANT ,RESISTANCE,"betalactamase"                     ,80.0         ,80.0              ,
blaOXA458                         ,                ,RESISTANT ,RESISTANCE,"betalactamase"                     ,80.0         ,80.0              ,
blaOXA459                         ,                ,RESISTANT ,RESISTANCE,"betalactamase"                     ,80.0         ,80.0              ,
blaOXA481                         ,                ,RESISTANT ,RESISTANCE,"betalactamase"                     ,80.0         ,80.0              ,
blaOXA482                         ,                ,RESISTANT ,RESISTANCE,"betalactamase"                     ,80.0         ,80.0              ,
blaOXA483                         ,                ,RESISTANT ,RESISTANCE,"betalactamase"                     ,80.0         ,80.0              ,
blaOXA484                         ,                ,RESISTANT ,RESISTANCE,"betalactamase"                     ,80.0         ,80.0              ,
blaOXA233                         ,                ,RESISTANT ,RESISTANCE,"betalactamase"                     ,80.0         ,80.0              ,
blaOXA235                         ,                ,RESISTANT ,RESISTANCE,"betalactamase"                     ,80.0         ,80.0              ,
blaOXA236                         ,                ,RESISTANT ,RESISTANCE,"betalactamase"                     ,80.0         ,80.0              ,
blaOXA237                         ,                ,RESISTANT ,RESISTANCE,"betalactamase"                     ,80.0         ,80.0              ,
blaOXA239                         ,                ,RESISTANT ,RESISTANCE,"betalactamase"                     ,80.0         ,80.0              ,
blaOXA240                         ,                ,RESISTANT ,RESISTANCE,"betalactamase"                     ,80.0         ,80.0              ,
blaOXA241                         ,                ,RESISTANT ,RESISTANCE,"betalactamase"                     ,80.0         ,80.0              ,
blaOXA242                         ,                ,RESISTANT ,RESISTANCE,"betalactamase"                     ,80.0         ,80.0              ,
blaOXA243                         ,                ,RESISTANT ,RESISTANCE,"betalactamase"                     ,80.0         ,80.0              ,
blaIMP11                          ,                ,RESISTANT ,RESISTANCE,"betalactamase"                     ,80.0         ,80.0              ,
blaIMP20                          ,                ,RESISTANT ,RESISTANCE,"betalactamase"                     ,80.0         ,80.0              ,
blaIMP21                          ,                ,RESISTANT ,RESISTANCE,"betalactamase"                     ,80.0         ,80.0              ,
blaIMP24                          ,                ,RESISTANT ,RESISTANCE,"betalactamase"                     ,80.0         ,80.0              ,
blaIMP30                          ,                ,RESISTANT ,RESISTANCE,"betalactamase"                     ,80.0         ,80.0              ,
blaIMP31                          ,                ,RESISTANT ,RESISTANCE,"betalactamase"                     ,80.0         ,80.0              ,
blaIMP3                           ,                ,RESISTANT ,RESISTANCE,"betalactamase"                     ,80.0         ,80.0              ,
blaIMP43                          ,                ,RESISTANT ,RESISTANCE,"betalactamase"                     ,80.0         ,80.0              ,
blaIMP44                          ,                ,RESISTANT ,RESISTANCE,"betalactamase"                     ,80.0         ,80.0              ,
blaIMP45                          ,                ,RESISTANT ,RESISTANCE,"betalactamase"                     ,80.0         ,80.0              ,
blaIMP48                          ,                ,RESISTANT ,RESISTANCE,"betalactamase"                     ,80.0         ,80.0              ,
blaIMP49                          ,                ,RESISTANT ,RESISTANCE,"betalactamase"                     ,80.0         ,80.0              ,
blaIMP51                          ,                ,RESISTANT ,RESISTANCE,"betalactamase"                     ,80.0         ,80.0              ,
blaIMP52                          ,                ,RESISTANT ,RESISTANCE,"betalactamase"                     ,80.0         ,80.0              ,
blaIMP7                           ,                ,RESISTANT ,RESISTANCE,"betalactamase"                     ,80.0         ,80.0              ,
blaKPC12                          ,                ,RESISTANT ,RESISTANCE,"betalactamase"                     ,80.0         ,80.0              ,
blaKPC13                          ,                ,RESISTANT ,RESISTANCE,"betalactamase"                     ,80.0         ,80.0              ,
blaKPC14                          ,                ,RESISTANT ,RESISTANCE,"betalactamase"                     ,80.0         ,80.0              ,
blaKPC15                          ,                ,RESISTANT ,RESISTANCE,"betalactamase"                     ,80.0         ,80.0              ,
blaKPC16                          ,                ,RESISTANT ,RESISTANCE,"betalactamase"                     ,80.0         ,80.0              ,
blaKPC17                          ,                ,RESISTANT ,RESISTANCE,"betalactamase"                     ,80.0         ,80.0              ,
blaKPC18                          ,                ,RESISTANT ,RESISTANCE,"betalactamase"                     ,80.0         ,80.0              ,
blaKPC19                          ,                ,RESISTANT ,RESISTANCE,"betalactamase"                     ,80.0         ,80.0              ,
blaKPC22                          ,                ,RESISTANT ,RESISTANCE,"betalactamase"                     ,80.0         ,80.0              ,
blaKPC24                          ,                ,RESISTANT ,RESISTANCE,"betalactamase"                     ,80.0         ,80.0              ,
blaKPC2                           ,                ,RESISTANT ,RESISTANCE,"betalactamase"                     ,80.0         ,80.0              ,
blaGES18                          ,                ,RESISTANT ,RESISTANCE,"betalactamase"                     ,80.0         ,80.0              ,
blaGES19                          ,                ,RESISTANT ,RESISTANCE,"betalactamase"                     ,80.0         ,80.0              ,
blaGES20                          ,                ,RESISTANT ,RESISTANCE,"betalactamase"                     ,80.0         ,80.0              ,
blaGES21                          ,                ,RESISTANT ,RESISTANCE,"betalactamase"                     ,80.0         ,80.0              ,
blaGES22                          ,                ,RESISTANT ,RESISTANCE,"betalactamase"                     ,80.0         ,80.0              ,
blaGES23                          ,                ,RESISTANT ,RESISTANCE,"betalactamase"                     ,80.0         ,80.0              ,
blaGES24                          ,                ,RESISTANT ,RESISTANCE,"betalactamase"                     ,80.0         ,80.0              ,
blaGES26                          ,                ,RESISTANT ,RESISTANCE,"betalactamase"                     ,80.0         ,80.0              ,
blaVIM39                          ,                ,RESISTANT ,RESISTANCE,"betalactamase"                     ,80.0         ,80.0              ,
blaVIM40                          ,                ,RESISTANT ,RESISTANCE,"betalactamase"                     ,80.0         ,80.0              ,
blaVIM41                          ,                ,RESISTANT ,RESISTANCE,"betalactamase"                     ,80.0         ,80.0              ,
blaVIM42                          ,                ,RESISTANT ,RESISTANCE,"betalactamase"                     ,80.0         ,80.0              ,
blaVIM43                          ,                ,RESISTANT ,RESISTANCE,"betalactamase"                     ,80.0         ,80.0              ,
blaVIM44                          ,                ,RESISTANT ,RESISTANCE,"betalactamase"                     ,80.0         ,80.0              ,
blaVIM45                          ,                ,RESISTANT ,RESISTANCE,"betalactamase"                     ,80.0         ,80.0              ,
blaVIM46                          ,                ,RESISTANT ,RESISTANCE,"betalactamase"                     ,80.0         ,80.0              ,
blaVIM47                          ,                ,RESISTANT ,RESISTANCE,"betalactamase"                     ,80.0         ,80.0              ,
blaVIM49                          ,                ,RESISTANT ,RESISTANCE,"betalactamase"                     ,80.0         ,80.0              ,
blaVIM50                          ,                ,RESISTANT ,RESISTANCE,"betalactamase"                     ,80.0         ,80.0              ,
blaVIM51                          ,                ,RESISTANT ,RESISTANCE,"betalactamase"                     ,80.0         ,80.0              ,
blaKPC21                          ,                ,RESISTANT ,RESISTANCE,"carbapenemase"                     ,80.0         ,80.0              ,
blaKPC25                          ,                ,RESISTANT ,RESISTANCE,"betalactamase"                     ,80.0         ,80.0              ,
blaKPC26                          ,                ,RESISTANT ,RESISTANCE,"betalactamase"                     ,80.0         ,80.0              ,
blaOXA387_NG                      ,                ,RESISTANT ,RESISTANCE,"betalactamase"                     ,80.0         ,80.0              ,
blaOXA395_NG                      ,                ,RESISTANT ,RESISTANCE,"betalactamase"                     ,80.0         ,80.0              ,
blaOXA396_NG                      ,                ,RESISTANT ,RESISTANCE,"betalactamase"                     ,80.0         ,80.0              ,
blaOXA400_NG                      ,                ,RESISTANT ,RESISTANCE,"betalactamase"                     ,80.0         ,80.0              ,
blaOXA401_NG                      ,                ,RESISTANT ,RESISTANCE,"betalactamase"                     ,80.0         ,80.0              ,
blaOXA402_NG                      ,                ,RESISTANT ,RESISTANCE,"betalactamase"                     ,80.0         ,80.0              ,
blaOXA403_NG                      ,                ,RESISTANT ,RESISTANCE,"betalactamase"                     ,80.0         ,80.0              ,
blaOXA404_NG                      ,                ,RESISTANT ,RESISTANCE,"betalactamase"                     ,80.0         ,80.0              ,
blaOXA406_NG                      ,                ,RESISTANT ,RESISTANCE,"betalactamase"                     ,80.0         ,80.0              ,
blaOXA407_NG                      ,                ,RESISTANT ,RESISTANCE,"betalactamase"                     ,80.0         ,80.0              ,
blaOXA408_NG                      ,                ,RESISTANT ,RESISTANCE,"betalactamase"                     ,80.0         ,80.0              ,
blaOXA409_NG                      ,                ,RESISTANT ,RESISTANCE,"betalactamase"                     ,80.0         ,80.0              ,
blaOXA411_NG                      ,                ,RESISTANT ,RESISTANCE,"betalactamase"                     ,80.0         ,80.0              ,
blaOXA412_NG                      ,                ,RESISTANT ,RESISTANCE,"betalactamase"                     ,80.0         ,80.0              ,
blaOXA413_NG                      ,                ,RESISTANT ,RESISTANCE,"betalactamase"                     ,80.0         ,80.0              ,
blaOXA414_NG                      ,                ,RESISTANT ,RESISTANCE,"betalactamase"                     ,80.0         ,80.0              ,
blaOXA416_NG                      ,                ,RESISTANT ,RESISTANCE,"betalactamase"                     ,80.0         ,80.0              ,
blaOXA417_NG                      ,                ,RESISTANT ,RESISTANCE,"betalactamase"                     ,80.0         ,80.0              ,
blaOXA470_NG                      ,                ,RESISTANT ,RESISTANCE,"betalactamase"                     ,80.0         ,80.0              ,
blaOXA471_NG                      ,                ,RESISTANT ,RESISTANCE,"betalactamase"                     ,80.0         ,80.0              ,
blaOXA472_NG                      ,                ,RESISTANT ,RESISTANCE,"Betalactamase"                     ,80.0         ,80.0              ,
blaOXA473_NG                      ,                ,RESISTANT ,RESISTANCE,"betalactamase"                     ,80.0         ,80.0              ,
blaOXA474_NG                      ,                ,RESISTANT ,RESISTANCE,"betalactamase"                     ,80.0         ,80.0              ,
blaOXA475_NG                      ,                ,RESISTANT ,RESISTANCE,"betalactamase"                     ,80.0         ,80.0              ,
blaOXA476_NG                      ,                ,RESISTANT ,RESISTANCE,"betalactamase"                     ,80.0         ,80.0              ,
blaOXA477_NG                      ,                ,RESISTANT ,RESISTANCE,"betalactamase"                     ,80.0         ,80.0              ,
blaOXA478_NG                      ,                ,RESISTANT ,RESISTANCE,"betalactamase"                     ,80.0         ,80.0              ,
blaOXA479_NG                      ,                ,RESISTANT ,RESISTANCE,"betalactamase"                     ,80.0         ,80.0              ,
blaOXA480_NG                      ,                ,RESISTANT ,RESISTANCE,"betalactamase"                     ,80.0         ,80.0              ,
blaOXA485_NG                      ,                ,RESISTANT ,RESISTANCE,"betalactamase"                     ,80.0         ,80.0              ,
blaOXA488_NG                      ,                ,RESISTANT ,RESISTANCE,"betalactamase"                     ,80.0         ,80.0              ,
blaOXA489_NG                      ,                ,RESISTANT ,RESISTANCE,"betalactamase"                     ,80.0         ,80.0              ,
blaOXA491_NG                      ,                ,RESISTANT ,RESISTANCE,"betalactamase"                     ,80.0         ,80.0              ,
blaOXA436_NG                      ,                ,RESISTANT ,RESISTANCE,"betalactamase"                     ,80.0         ,80.0              ,
blaOXA438_NG                      ,                ,RESISTANT ,RESISTANCE,"betalactamase"                     ,80.0         ,80.0              ,
blaOXA441_NG                      ,                ,RESISTANT ,RESISTANCE,"betalactamase"                     ,80.0         ,80.0              ,
blaOXA442_NG                      ,                ,RESISTANT ,RESISTANCE,"betalactamase"                     ,80.0         ,80.0              ,
blaOXA446_NG                      ,                ,RESISTANT ,RESISTANCE,"betalactamase"                     ,80.0         ,80.0              ,
blaOXA447_NG                      ,                ,RESISTANT ,RESISTANCE,"betalactamase"                     ,80.0         ,80.0              ,
blaOXA448_NG                      ,                ,RESISTANT ,RESISTANCE,"betalactamase"                     ,80.0         ,80.0              ,
blaOXA449_NG                      ,                ,RESISTANT ,RESISTANCE,"betalactamase"                     ,80.0         ,80.0              ,
blaOXA450_NG                      ,                ,RESISTANT ,RESISTANCE,"betalactamase"                     ,80.0         ,80.0              ,
blaOXA451_NG                      ,                ,RESISTANT ,RESISTANCE,"betalactamase"                     ,80.0         ,80.0              ,
blaOXA452_NG                      ,                ,RESISTANT ,RESISTANCE,"betalactamase"                     ,80.0         ,80.0              ,
blaOXA453_NG                      ,                ,RESISTANT ,RESISTANCE,"betalactamase"                     ,80.0         ,80.0              ,
blaOXA460_NG                      ,                ,RESISTANT ,RESISTANCE,"betalactamase"                     ,80.0         ,80.0              ,
blaOXA461_NG                      ,                ,RESISTANT ,RESISTANCE,"betalactamase"                     ,80.0         ,80.0              ,
blaOXA464_NG                      ,                ,RESISTANT ,RESISTANCE,"betalactamase"                     ,80.0         ,80.0              ,
blaOXA465_NG                      ,                ,RESISTANT ,RESISTANCE,"betalactamase"                     ,80.0         ,80.0              ,
blaOXA466_NG                      ,                ,RESISTANT ,RESISTANCE,"betalactamase"                     ,80.0         ,80.0              ,
blaOXA493_NG                      ,                ,RESISTANT ,RESISTANCE,"betalactamase"                     ,80.0         ,80.0              ,
blaOXA494_NG                      ,                ,RESISTANT ,RESISTANCE,"betalactamase"                     ,80.0         ,80.0              ,
blaOXA497_NG                      ,                ,RESISTANT ,RESISTANCE,"betalactamase"                     ,80.0         ,80.0              ,
blaOXA500_NG                      ,                ,RESISTANT ,RESISTANCE,"betalactamase"                     ,80.0         ,80.0              ,
blaOXA501_NG                      ,                ,RESISTANT ,RESISTANCE,"betalactamase"                     ,80.0         ,80.0              ,
blaOXA502_NG                      ,                ,RESISTANT ,RESISTANCE,"betalactamase"                     ,80.0         ,80.0              ,
blaOXA503_NG                      ,                ,RESISTANT ,RESISTANCE,"betalactamase"                     ,80.0         ,80.0              ,
blaOXA504_NG                      ,                ,RESISTANT ,RESISTANCE,"betalactamase"                     ,80.0         ,80.0              ,
blaOXA506_NG                      ,                ,RESISTANT ,RESISTANCE,"betalactamase"                     ,80.0         ,80.0              ,
blaOXA505_NG                      ,                ,RESISTANT ,RESISTANCE,"betalactamase"                     ,80.0         ,80.0              ,
blaOXA507_NG                      ,                ,RESISTANT ,RESISTANCE,"betalactamase"                     ,80.0         ,80.0              ,
blaOXA508_NG                      ,                ,RESISTANT ,RESISTANCE,"betalactamase"                     ,80.0         ,80.0              ,
blaOXA509_NG                      ,                ,RESISTANT ,RESISTANCE,"betalactamase"                     ,80.0         ,80.0              ,
blaOXA512_NG                      ,                ,RESISTANT ,RESISTANCE,"betalactamase"                     ,80.0         ,80.0              ,
blaOXA513_NG                      ,                ,RESISTANT ,RESISTANCE,"betalactamase"                     ,80.0         ,80.0              ,
blaOXA516_NG                      ,                ,RESISTANT ,RESISTANCE,"betalactamase"                     ,80.0         ,80.0              ,
blaOXA518_NG                      ,                ,RESISTANT ,RESISTANCE,"betalactamase"                     ,80.0         ,80.0              ,
blaOXA234_NG                      ,                ,RESISTANT ,RESISTANCE,"betalactamase"                     ,80.0         ,80.0              ,
blaOXA252_NG                      ,                ,RESISTANT ,RESISTANCE,"betalactamase"                     ,80.0         ,80.0              ,
blaOXA486_NG                      ,                ,RESISTANT ,RESISTANCE,"betalactamase"                     ,80.0         ,80.0              ,
blaOXA496_NG                      ,                ,RESISTANT ,RESISTANCE,"betalactamase"                     ,80.0         ,80.0              ,
blaOXA392_NG                      ,                ,RESISTANT ,RESISTANCE,"betalactamase"                     ,80.0         ,80.0              ,
blaOXA520_NG                      ,                ,RESISTANT ,RESISTANCE,"betalactamase"                     ,80.0         ,80.0              ,
blaOXA521_NG                      ,                ,RESISTANT ,RESISTANCE,"betalactamase"                     ,80.0         ,80.0              ,
blaOXA121_NG                      ,                ,RESISTANT ,RESISTANCE,"betalactamase"                     ,80.0         ,80.0              ,
blaOXA122_NG                      ,                ,RESISTANT ,RESISTANCE,"betalactamase"                     ,80.0         ,80.0              ,
blaOXA123_NG                      ,                ,RESISTANT ,RESISTANCE,"betalactamase"                     ,80.0         ,80.0              ,
blaOXA124_NG                      ,                ,RESISTANT ,RESISTANCE,"betalactamase"                     ,80.0         ,80.0              ,
blaOXA125_NG                      ,                ,RESISTANT ,RESISTANCE,"betalactamase"                     ,80.0         ,80.0              ,
blaOXA126_NG                      ,                ,RESISTANT ,RESISTANCE,"betalactamase"                     ,80.0         ,80.0              ,
blaOXA127_NG                      ,                ,RESISTANT ,RESISTANCE,"betalactamase"                     ,80.0         ,80.0              ,
blaOXA151_NG                      ,                ,RESISTANT ,RESISTANCE,"etalactamase"                      ,80.0         ,80.0              ,
blaOXA152_NG                      ,                ,RESISTANT ,RESISTANCE,"betalactamase"                     ,80.0         ,80.0              ,
blaOXA153_NG                      ,                ,RESISTANT ,RESISTANCE,"betalactamase"                     ,80.0         ,80.0              ,
blaOXA154_NG                      ,                ,RESISTANT ,RESISTANCE,"betalactamase"                     ,80.0         ,80.0              ,
blaOXA155_NG                      ,                ,RESISTANT ,RESISTANCE,"betalactamase"                     ,80.0         ,80.0              ,
blaOXA156_NG                      ,                ,RESISTANT ,RESISTANCE,"betalactamase"                     ,80.0         ,80.0              ,
blaOXA157_NG                      ,                ,RESISTANT ,RESISTANCE,"betalactamase"                     ,80.0         ,80.0              ,
blaOXA158_NG                      ,                ,RESISTANT ,RESISTANCE,"betalactamase"                     ,80.0         ,80.0              ,
blaOXA159_NG                      ,                ,RESISTANT ,RESISTANCE,"betalactamase"                     ,80.0         ,80.0              ,
blaOXA246_NG                      ,                ,RESISTANT ,RESISTANCE,"betalactamase"                     ,80.0         ,80.0              ,
blaOXA336_NG                      ,                ,RESISTANT ,RESISTANCE,"betalactamase"                     ,80.0         ,80.0              ,
blaOXA337_NG                      ,                ,RESISTANT ,RESISTANCE,"betalactamase"                     ,80.0         ,80.0              ,
blaOXA339_NG                      ,                ,RESISTANT ,RESISTANCE,"betalactamase"                     ,80.0         ,80.0              ,
blaOXA340_NG                      ,                ,RESISTANT ,RESISTANCE,"betalactamase"                     ,80.0         ,80.0              ,
blaOXA341_NG                      ,                ,RESISTANT ,RESISTANCE,"betalactamase"                     ,80.0         ,80.0              ,
blaOXA342_NG                      ,                ,RESISTANT ,RESISTANCE,"betalactamase"                     ,80.0         ,80.0              ,
blaOXA343_NG                      ,                ,RESISTANT ,RESISTANCE,"betalactamase"                     ,80.0         ,80.0              ,
blaOXA344_NG                      ,                ,RESISTANT ,RESISTANCE,"betalactamase"                     ,80.0         ,80.0              ,
blaOXA345_NG                      ,                ,RESISTANT ,RESISTANCE,"betalactamase"                     ,80.0         ,80.0              ,
blaOXA346_NG                      ,                ,RESISTANT ,RESISTANCE,"betalactamase"                     ,80.0         ,80.0              ,
blaOXA364_NG                      ,                ,RESISTANT ,RESISTANCE,"betalactamase"                     ,80.0         ,80.0              ,
blaOXA373_NG                      ,                ,RESISTANT ,RESISTANCE,"betalactamase"                     ,80.0         ,80.0              ,
blaOXA534_NG                      ,                ,RESISTANT ,RESISTANCE,"betalactamase"                     ,80.0         ,80.0              ,
blaOXA533_NG                      ,                ,RESISTANT ,RESISTANCE,"betalactamase"                     ,80.0         ,80.0              ,
blaOXA532_NG                      ,                ,RESISTANT ,RESISTANCE,"betalactamase"                     ,80.0         ,80.0              ,
blaOXA531_NG                      ,                ,RESISTANT ,RESISTANCE,"betalactamase"                     ,80.0         ,80.0              ,
blaOXA530_NG                      ,                ,RESISTANT ,RESISTANCE,"betalactamase"                     ,80.0         ,80.0              ,
blaOXA529_NG                      ,                ,RESISTANT ,RESISTANCE,"betalactamase"                     ,80.0         ,80.0              ,
blaOXA528_NG                      ,                ,RESISTANT ,RESISTANCE,"betalactamase"                     ,80.0         ,80.0              ,
blaOXA527_NG                      ,                ,RESISTANT ,RESISTANCE,"betalactamase"                     ,80.0         ,80.0              ,
blaOXA526_NG                      ,                ,RESISTANT ,RESISTANCE,"betalactamase"                     ,80.0         ,80.0              ,
blaOXA525_NG                      ,                ,RESISTANT ,RESISTANCE,"betalactamase"                     ,80.0         ,80.0              ,
blaOXA524_NG                      ,                ,RESISTANT ,RESISTANCE,"betalactamase"                     ,80.0         ,80.0              ,
blaOXA523_NG                      ,                ,RESISTANT ,RESISTANCE,"betalactamase"                     ,80.0         ,80.0              ,
blaOXA522_NG                      ,                ,RESISTANT ,RESISTANCE,"betalactamase"                     ,80.0         ,80.0              ,
blaOXA511_NG                      ,                ,RESISTANT ,RESISTANCE,"betalactamase"                     ,80.0         ,80.0              ,
blaOXA510_NG                      ,                ,RESISTANT ,RESISTANCE,"betalactamase"                     ,80.0         ,80.0              ,
blaOXA444_NG                      ,                ,RESISTANT ,RESISTANCE,"betalactamase"                     ,80.0         ,80.0              ,
blaOXA443_NG                      ,                ,RESISTANT ,RESISTANCE,"betalactamase"                     ,80.0         ,80.0              ,
blaOXA499_NG                      ,                ,RESISTANT ,RESISTANCE,"betalactamase"                     ,80.0         ,80.0              ,
blaOXA368                         ,                ,RESISTANT ,RESISTANCE,"betalactamase"                     ,80.0         ,80.0              ,
blaOXA467                         ,                ,RESISTANT ,RESISTANCE,"betalactamase"                     ,80.0         ,80.0              ,
blaOXA490                         ,                ,RESISTANT ,RESISTANCE,"betalactamase"                     ,80.0         ,80.0              ,
blaOXA514                         ,                ,RESISTANT ,RESISTANCE,"betalactamase"                     ,80.0         ,80.0              ,
blaOXA515                         ,                ,RESISTANT ,RESISTANCE,"betalactamase"                     ,80.0         ,80.0              ,
blaOXA260                         ,                ,RESISTANT ,RESISTANCE,"betalactamase"                     ,80.0         ,80.0              ,
blaOXA103                         ,                ,RESISTANT ,RESISTANCE,"betalactamase"                     ,80.0         ,80.0              ,
blaIMP23                          ,                ,RESISTANT ,RESISTANCE,"betalactamase"                     ,80.0         ,80.0              ,
blaIMP54                          ,                ,RESISTANT ,RESISTANCE,"betalactamase"                     ,80.0         ,80.0              ,
blaIMP55                          ,                ,RESISTANT ,RESISTANCE,"betalactamase"                     ,80.0         ,80.0              ,
blaIMP56                          ,                ,RESISTANT ,RESISTANCE,"betalactamase"                     ,80.0         ,80.0              ,
blaIMP58                          ,                ,RESISTANT ,RESISTANCE,"betalactamase"                     ,80.0         ,80.0              ,
blaIMP53                          ,                ,RESISTANT ,RESISTANCE,"betalactamase"                     ,80.0         ,80.0              ,
blaDHA4                           ,                ,RESISTANT ,RESISTANCE,"betalactamase"                     ,80.0         ,80.0              ,
blaDHA9                           ,                ,RESISTANT ,RESISTANCE,"betalactamase"                     ,80.0         ,80.0              ,
blaDHA23                          ,                ,RESISTANT ,RESISTANCE,"betalactamase"                     ,80.0         ,80.0              ,
blaDHA24                          ,                ,RESISTANT ,RESISTANCE,"betalactamase"                     ,80.0         ,80.0              ,
blaGES25                          ,                ,RESISTANT ,RESISTANCE,"betalactamase"                     ,80.0         ,80.0              ,
blaGES27                          ,                ,RESISTANT ,RESISTANCE,"betalactamase"                     ,80.0         ,80.0              ,
blaGES28                          ,                ,RESISTANT ,RESISTANCE,"betalactamase"                     ,80.0         ,80.0              ,
blaGES29                          ,                ,RESISTANT ,RESISTANCE,"betalactamase"                     ,80.0         ,80.0              ,
blaGES30                          ,                ,RESISTANT ,RESISTANCE,"betalactamase"                     ,80.0         ,80.0              ,
blaGES31                          ,                ,RESISTANT ,RESISTANCE,"betalactamase"                     ,80.0         ,80.0              ,
blaSHV146                         ,                ,RESISTANT ,RESISTANCE,"betalactamase"                     ,80.0         ,80.0              ,
blaSHV164                         ,                ,RESISTANT ,RESISTANCE,"betalactamase"                     ,80.0         ,80.0              ,
blaSHV172                         ,                ,RESISTANT ,RESISTANCE,"betalactamase"                     ,80.0         ,80.0              ,
blaSHV173                         ,                ,RESISTANT ,RESISTANCE,"betalactamase"                     ,80.0         ,80.0              ,
blaSHV178                         ,                ,RESISTANT ,RESISTANCE,"betalactamase"                     ,80.0         ,80.0              ,
blaSHV179                         ,                ,RESISTANT ,RESISTANCE,"betalactamase"                     ,80.0         ,80.0              ,
blaSHV181                         ,                ,RESISTANT ,RESISTANCE,"betalactamase"                     ,80.0         ,80.0              ,
blaSHV182                         ,                ,RESISTANT ,RESISTANCE,"betalactamase"                     ,80.0         ,80.0              ,
blaSHV183                         ,                ,RESISTANT ,RESISTANCE,"betalactamase"                     ,80.0         ,80.0              ,
blaSHV185                         ,                ,RESISTANT ,RESISTANCE,"betalactamase"                     ,80.0         ,80.0              ,
blaSHV186                         ,                ,RESISTANT ,RESISTANCE,"betalactamase"                     ,80.0         ,80.0              ,
blaSHV187                         ,                ,RESISTANT ,RESISTANCE,"betalactamase"                     ,80.0         ,80.0              ,
blaSHV188                         ,                ,RESISTANT ,RESISTANCE,"betalactamase"                     ,80.0         ,80.0              ,
blaSHV189                         ,                ,RESISTANT ,RESISTANCE,"betalactamase"                     ,80.0         ,80.0              ,
blaSHV190                         ,                ,RESISTANT ,RESISTANCE,"betalactamase"                     ,80.0         ,80.0              ,
blaSHV191                         ,                ,RESISTANT ,RESISTANCE,"betalactamase"                     ,80.0         ,80.0              ,
blaSHV193                         ,                ,RESISTANT ,RESISTANCE,"betalactamase"                     ,80.0         ,80.0              ,
blaSHV1b_b                        ,                ,RESISTANT ,RESISTANCE,"betalactamase"                     ,80.0         ,80.0              ,
blaSHV3                           ,                ,RESISTANT ,RESISTANCE,"betalactamase"                     ,80.0         ,80.0              ,
blaSHV45                          ,                ,RESISTANT ,RESISTANCE,"betalactamase"                     ,80.0         ,80.0              ,
blaSHV9                           ,                ,RESISTANT ,RESISTANCE,"betalactamase"                     ,80.0         ,80.0              ,
blaSHV32                          ,                ,RESISTANT ,RESISTANCE,"betalactamase"                     ,80.0         ,80.0              ,
blaSHV76                          ,                ,RESISTANT ,RESISTANCE,"betalactamase"                     ,80.0         ,80.0              ,
blaSHV111                         ,                ,RESISTANT ,RESISTANCE,"betalactamase"                     ,80.0         ,80.0              ,
blaSHV119                         ,                ,RESISTANT ,RESISTANCE,"betalactamase"                     ,80.0         ,80.0              ,
blaTEM110                         ,                ,RESISTANT ,RESISTANCE,"betalactamase"                     ,80.0         ,80.0              ,
blaTEM153                         ,                ,RESISTANT ,RESISTANCE,"betalactamase"                     ,80.0         ,80.0              ,
blaTEM182                         ,                ,RESISTANT ,RESISTANCE,"betalactamase"                     ,80.0         ,80.0              ,
blaTEM184                         ,                ,RESISTANT ,RESISTANCE,"betalactamase"                     ,80.0         ,80.0              ,
blaTEM185                         ,                ,RESISTANT ,RESISTANCE,"betalactamase"                     ,80.0         ,80.0              ,
blaTEM193                         ,                ,RESISTANT ,RESISTANCE,"betalactamase"                     ,80.0         ,80.0              ,
blaTEM194                         ,                ,RESISTANT ,RESISTANCE,"betalactamase"                     ,80.0         ,80.0              ,
blaTEM195                         ,                ,RESISTANT ,RESISTANCE,"betalactamase"                     ,80.0         ,80.0              ,
blaTEM197                         ,                ,RESISTANT ,RESISTANCE,"betalactamase"                     ,80.0         ,80.0              ,
blaTEM201                         ,                ,RESISTANT ,RESISTANCE,"betalactamase"                     ,80.0         ,80.0              ,
blaTEM205                         ,                ,RESISTANT ,RESISTANCE,"betalactamase"                     ,80.0         ,80.0              ,
blaTEM206                         ,                ,RESISTANT ,RESISTANCE,"betalactamase"                     ,80.0         ,80.0              ,
blaTEM207                         ,                ,RESISTANT ,RESISTANCE,"betalactamase"                     ,80.0         ,80.0              ,
blaTEM211                         ,                ,RESISTANT ,RESISTANCE,"betalactamase"                     ,80.0         ,80.0              ,
blaTEM212                         ,                ,RESISTANT ,RESISTANCE,"betalactamase"                     ,80.0         ,80.0              ,
blaTEM213                         ,                ,RESISTANT ,RESISTANCE,"betalactamase"                     ,80.0         ,80.0              ,
blaTEM214                         ,                ,RESISTANT ,RESISTANCE,"betalactamase"                     ,80.0         ,80.0              ,
blaTEM215                         ,                ,RESISTANT ,RESISTANCE,"betalactamase"                     ,80.0         ,80.0              ,
blaTEM216                         ,                ,RESISTANT ,RESISTANCE,"betalactamase"                     ,80.0         ,80.0              ,
blaTEM217                         ,                ,RESISTANT ,RESISTANCE,"betalactamase"                     ,80.0         ,80.0              ,
blaTEM219                         ,                ,RESISTANT ,RESISTANCE,"betalactamase"                     ,80.0         ,80.0              ,
blaTEM220                         ,                ,RESISTANT ,RESISTANCE,"betalactamase"                     ,80.0         ,80.0              ,
blaTEM224                         ,                ,RESISTANT ,RESISTANCE,"betalactamase"                     ,80.0         ,80.0              ,
blaTEM92                          ,                ,RESISTANT ,RESISTANCE,"betalactamase"                     ,80.0         ,80.0              ,
blaTEM4_NG                        ,                ,RESISTANT ,RESISTANCE,"betalactamase"                     ,80.0         ,80.0              ,
blaTEM8                           ,                ,RESISTANT ,RESISTANCE,"betalactamase"                     ,80.0         ,80.0              ,
blaTEM15                          ,                ,RESISTANT ,RESISTANCE,"betalactamase"                     ,80.0         ,80.0              ,
blaTEM16_NG                       ,                ,RESISTANT ,RESISTANCE,"betalactamase"                     ,80.0         ,80.0              ,
blaTEM19                          ,                ,RESISTANT ,RESISTANCE,"betalactamase"                     ,80.0         ,80.0              ,
blaTEM26                          ,                ,RESISTANT ,RESISTANCE,"beta-lactamase"                    ,80.0         ,80.0              ,
blaTEM34                          ,                ,RESISTANT ,RESISTANCE,"betalactamase"                     ,80.0         ,80.0              ,
blaTEM35                          ,                ,RESISTANT ,RESISTANCE,"betalactamase"                     ,80.0         ,80.0              ,
blaTEM40                          ,                ,RESISTANT ,RESISTANCE,"betalactamase"                     ,80.0         ,80.0              ,
blaTEM45                          ,                ,RESISTANT ,RESISTANCE,"betalactamase"                     ,80.0         ,80.0              ,
blaTEM52                          ,                ,RESISTANT ,RESISTANCE,"betalactamase"                     ,80.0         ,80.0              ,
blaTEM128                         ,                ,RESISTANT ,RESISTANCE,"betalactamase"                     ,80.0         ,80.0              ,
blaTEM129                         ,                ,RESISTANT ,RESISTANCE,"betalactamase"                     ,80.0         ,80.0              ,
blaTEM131                         ,                ,RESISTANT ,RESISTANCE,"betalactamase"                     ,80.0         ,80.0              ,
blaTEM144                         ,                ,RESISTANT ,RESISTANCE,"betalactamase"                     ,80.0         ,80.0              ,
blaTEM164                         ,                ,RESISTANT ,RESISTANCE,"betalactamase"                     ,80.0         ,80.0              ,
blaTEM186                         ,                ,RESISTANT ,RESISTANCE,"betalactamase"                     ,80.0         ,80.0              ,
blaTEM196                         ,                ,RESISTANT ,RESISTANCE,"betalactamase"                     ,80.0         ,80.0              ,
blaTEM198                         ,                ,RESISTANT ,RESISTANCE,"betalactamase"                     ,80.0         ,80.0              ,
blaTEM204                         ,                ,RESISTANT ,RESISTANCE,"betalactamase"                     ,80.0         ,80.0              ,
blaTEM208                         ,                ,RESISTANT ,RESISTANCE,"betalactamase"                     ,80.0         ,80.0              ,
blaTEM209                         ,                ,RESISTANT ,RESISTANCE,"betalactamase"                     ,80.0         ,80.0              ,
blaTEM210                         ,                ,RESISTANT ,RESISTANCE,"betalactamase"                     ,80.0         ,80.0              ,
blaTEM32_NG                       ,                ,RESISTANT ,RESISTANCE,"betalactamase"                     ,80.0         ,80.0              ,
blaCTXM7                          ,                ,RESISTANT ,RESISTANCE,"betalactamase"                     ,80.0         ,80.0              ,
blaCTXM18                         ,                ,RESISTANT ,RESISTANCE,"betalactamase"                     ,80.0         ,80.0              ,
blaCTXM33                         ,                ,RESISTANT ,RESISTANCE,"betalactamase"                     ,80.0         ,80.0              ,
blaCTXM57                         ,                ,RESISTANT ,RESISTANCE,"betalactamase"                     ,80.0         ,80.0              ,
blaCTXM72                         ,                ,RESISTANT ,RESISTANCE,"betalactamase"                     ,80.0         ,80.0              ,
blaCTXM73                         ,                ,RESISTANT ,RESISTANCE,"betalactamase"                     ,80.0         ,80.0              ,
blaCTXM77                         ,                ,RESISTANT ,RESISTANCE,"betalactamase"                     ,80.0         ,80.0              ,
blaCTXM103                        ,                ,RESISTANT ,RESISTANCE,"betalactamase"                     ,80.0         ,80.0              ,
blaCTXM104                        ,                ,RESISTANT ,RESISTANCE,"betalactamase"                     ,80.0         ,80.0              ,
blaCTXM106                        ,                ,RESISTANT ,RESISTANCE,"betalactamase"                     ,80.0         ,80.0              ,
blaCTXM110                        ,                ,RESISTANT ,RESISTANCE,"betalactamase"                     ,80.0         ,80.0              ,
blaCTXM115                        ,                ,RESISTANT ,RESISTANCE,"betalactamase"                     ,80.0         ,80.0              ,
blaCTXM117                        ,                ,RESISTANT ,RESISTANCE,"betalactamase"                     ,80.0         ,80.0              ,
blaCTXM121                        ,                ,RESISTANT ,RESISTANCE,"betalactamase"                     ,80.0         ,80.0              ,
blaCTXM122                        ,                ,RESISTANT ,RESISTANCE,"betalactamase"                     ,80.0         ,80.0              ,
blaCTXM123                        ,                ,RESISTANT ,RESISTANCE,"betalactamase"                     ,80.0         ,80.0              ,
blaCTXM124                        ,                ,RESISTANT ,RESISTANCE,"betalactamase"                     ,80.0         ,80.0              ,
blaCTXM125                        ,                ,RESISTANT ,RESISTANCE,"betalactamase"                     ,80.0         ,80.0              ,
blaCTXM126                        ,                ,RESISTANT ,RESISTANCE,"betalactamase"                     ,80.0         ,80.0              ,
blaCTXM129                        ,                ,RESISTANT ,RESISTANCE,"betalactamase"                     ,80.0         ,80.0              ,
blaCTXM130                        ,                ,RESISTANT ,RESISTANCE,"betalactamase"                     ,80.0         ,80.0              ,
blaCTXM131                        ,                ,RESISTANT ,RESISTANCE,"betalactamase"                     ,80.0         ,80.0              ,
blaCTXM132                        ,                ,RESISTANT ,RESISTANCE,"betalactamase"                     ,80.0         ,80.0              ,
blaCTXM134                        ,                ,RESISTANT ,RESISTANCE,"betalactamase"                     ,80.0         ,80.0              ,
blaCTXM136                        ,                ,RESISTANT ,RESISTANCE,"betalactamase"                     ,80.0         ,80.0              ,
blaCTXM137                        ,                ,RESISTANT ,RESISTANCE,"betalactamase"                     ,80.0         ,80.0              ,
blaCTXM138                        ,                ,RESISTANT ,RESISTANCE,"betalactamase"                     ,80.0         ,80.0              ,
blaCTXM139                        ,                ,RESISTANT ,RESISTANCE,"betalactamase"                     ,80.0         ,80.0              ,
blaCTXM141                        ,                ,RESISTANT ,RESISTANCE,"betalactamase"                     ,80.0         ,80.0              ,
blaCTXM142                        ,                ,RESISTANT ,RESISTANCE,"betalactamase"                     ,80.0         ,80.0              ,
blaCTXM144                        ,                ,RESISTANT ,RESISTANCE,"betalactamase"                     ,80.0         ,80.0              ,
blaCTXM147                        ,                ,RESISTANT ,RESISTANCE,"betalactamase"                     ,80.0         ,80.0              ,
blaCTXM148                        ,                ,RESISTANT ,RESISTANCE,"betalactamase"                     ,80.0         ,80.0              ,
blaCTXM150                        ,                ,RESISTANT ,RESISTANCE,"betalactamase"                     ,80.0         ,80.0              ,
blaCTXM151                        ,                ,RESISTANT ,RESISTANCE,"betalactamase"                     ,80.0         ,80.0              ,
blaCTXM152                        ,                ,RESISTANT ,RESISTANCE,"betalactamase"                     ,80.0         ,80.0              ,
blaCTXM155                        ,                ,RESISTANT ,RESISTANCE,"betalactamase"                     ,80.0         ,80.0              ,
blaCTXM156                        ,                ,RESISTANT ,RESISTANCE,"betalactamase"                     ,80.0         ,80.0              ,
blaCTXM157                        ,                ,RESISTANT ,RESISTANCE,"betalactamase"                     ,80.0         ,80.0              ,
blaCTXM158                        ,                ,RESISTANT ,RESISTANCE,"betalactamase"                     ,80.0         ,80.0              ,
blaCTXM159                        ,                ,RESISTANT ,RESISTANCE,"betalactamase"                     ,80.0         ,80.0              ,
blaCTXM160                        ,                ,RESISTANT ,RESISTANCE,"betalactamase"                     ,80.0         ,80.0              ,
blaCTXM161                        ,                ,RESISTANT ,RESISTANCE,"betalactamase"                     ,80.0         ,80.0              ,
blaCTXM162                        ,                ,RESISTANT ,RESISTANCE,"betalactamase"                     ,80.0         ,80.0              ,
blaCTXM163                        ,                ,RESISTANT ,RESISTANCE,"betalactamase"                     ,80.0         ,80.0              ,
blaCTXM164                        ,                ,RESISTANT ,RESISTANCE,"betalactamase"                     ,80.0         ,80.0              ,
blaCTXM165                        ,                ,RESISTANT ,RESISTANCE,"betalactamase"                     ,80.0         ,80.0              ,
blaCTXM166                        ,                ,RESISTANT ,RESISTANCE,"betalactamase"                     ,80.0         ,80.0              ,
blaCTXM167                        ,                ,RESISTANT ,RESISTANCE,"betalactamase"                     ,80.0         ,80.0              ,
blaCTXM168                        ,                ,RESISTANT ,RESISTANCE,"betalactamase"                     ,80.0         ,80.0              ,
blaCTXM169                        ,                ,RESISTANT ,RESISTANCE,"betalactamase"                     ,80.0         ,80.0              ,
blaCTXM170                        ,                ,RESISTANT ,RESISTANCE,"betalactamase"                     ,80.0         ,80.0              ,
blaCTXM171                        ,                ,RESISTANT ,RESISTANCE,"betalactamase"                     ,80.0         ,80.0              ,
blaCTXM172                        ,                ,RESISTANT ,RESISTANCE,"betalactamase"                     ,80.0         ,80.0              ,
blaCTXM173                        ,                ,RESISTANT ,RESISTANCE,"betalactamase"                     ,80.0         ,80.0              ,
blaCTXM174                        ,                ,RESISTANT ,RESISTANCE,"betalactamase"                     ,80.0         ,80.0              ,
blaCTXM175                        ,                ,RESISTANT ,RESISTANCE,"betalactamase"                     ,80.0         ,80.0              ,
blaCTXM176                        ,                ,RESISTANT ,RESISTANCE,"betalactamase"                     ,80.0         ,80.0              ,
blaCTXM177                        ,                ,RESISTANT ,RESISTANCE,"betalactamase"                     ,80.0         ,80.0              ,
blaCTXM179                        ,                ,RESISTANT ,RESISTANCE,"betalactamase"                     ,80.0         ,80.0              ,
blaCTXM180                        ,                ,RESISTANT ,RESISTANCE,"betalactamase"                     ,80.0         ,80.0              ,
blaCTXM181                        ,                ,RESISTANT ,RESISTANCE,"betalactamase"                     ,80.0         ,80.0              ,
blaCTXM182                        ,                ,RESISTANT ,RESISTANCE,"betalactamase"                     ,80.0         ,80.0              ,
blaCTXM52                         ,                ,RESISTANT ,RESISTANCE,"betalactamase"                     ,80.0         ,80.0              ,
blaCTXM70                         ,                ,RESISTANT ,RESISTANCE,"betalactamase"                     ,80.0         ,80.0              ,
blaCTXM74                         ,                ,RESISTANT ,RESISTANCE,"betalactamase"                     ,80.0         ,80.0              ,
blaCTXM75                         ,                ,RESISTANT ,RESISTANCE,"betalactamase"                     ,80.0         ,80.0              ,
blaCTXM90                         ,                ,RESISTANT ,RESISTANCE,"betalactamase"                     ,80.0         ,80.0              ,
mcr1                              ,                ,RESISTANT ,RESISTANCE,"colistin"                          ,80.0         ,80.0              ,
mcr2                              ,                ,RESISTANT ,RESISTANCE,"colistin"                          ,80.0         ,80.0              ,
blaLMB_1                          ,                ,RESISTANT ,RESISTANCE,"subclass,B3,metallo-beta-lactamase",80.0         ,80.0              ,
blaCARB49                         ,                ,RESISTANT ,RESISTANCE,"class"                             ,80.0         ,80.0              ,
blaCARB3_NG                       ,                ,RESISTANT ,RESISTANCE,"class"                             ,80.0         ,80.0              ,
blaCARB12                         ,                ,RESISTANT ,RESISTANCE,"class"                             ,80.0         ,80.0              ,
blaCARB42_NG                      ,                ,RESISTANT ,RESISTANCE,"class"                             ,80.0         ,80.0              ,
blaCARB29_NG                      ,                ,RESISTANT ,RESISTANCE,"class"                             ,80.0         ,80.0              ,
blaCARB19_NG                      ,                ,RESISTANT ,RESISTANCE,"class"                             ,80.0         ,80.0              ,
blaCARB41_NG                      ,                ,RESISTANT ,RESISTANCE,"class"                             ,80.0         ,80.0              ,
blaCARB33_NG                      ,                ,RESISTANT ,RESISTANCE,"class"                             ,80.0         ,80.0              ,
blaCARB25_NG                      ,                ,RESISTANT ,RESISTANCE,"class"                             ,80.0         ,80.0              ,
blaCARB30_NG                      ,                ,RESISTANT ,RESISTANCE,"class"                             ,80.0         ,80.0              ,
blaCARB36_NG                      ,                ,RESISTANT ,RESISTANCE,"class"                             ,80.0         ,80.0              ,
blaCARB43_NG                      ,                ,RESISTANT ,RESISTANCE,"class"                             ,80.0         ,80.0              ,
blaCARB35_NG                      ,                ,RESISTANT ,RESISTANCE,"class"                             ,80.0         ,80.0              ,
blaCARB34_NG                      ,                ,RESISTANT ,RESISTANCE,"class"                             ,80.0         ,80.0              ,
blaCARB45_NG                      ,                ,RESISTANT ,RESISTANCE,"class"                             ,80.0         ,80.0              ,
blaCARB18_NG                      ,                ,RESISTANT ,RESISTANCE,"class"                             ,80.0         ,80.0              ,
blaCARB26_NG                      ,                ,RESISTANT ,RESISTANCE,"class"                             ,80.0         ,80.0              ,
blaCARB47_NG                      ,                ,RESISTANT ,RESISTANCE,"class"                             ,80.0         ,80.0              ,
blaCARB48_NG                      ,                ,RESISTANT ,RESISTANCE,"class"                             ,80.0         ,80.0              ,
blaCARB38_NG                      ,                ,RESISTANT ,RESISTANCE,"class"                             ,80.0         ,80.0              ,
blaCARB22_NG                      ,                ,RESISTANT ,RESISTANCE,"class"                             ,80.0         ,80.0              ,
blaCARB24_NG                      ,                ,RESISTANT ,RESISTANCE,"class"                             ,80.0         ,80.0              ,
blaCARB28_NG                      ,                ,RESISTANT ,RESISTANCE,"class"                             ,80.0         ,80.0              ,
blaCARB44_NG                      ,                ,RESISTANT ,RESISTANCE,"class"                             ,80.0         ,80.0              ,
blaCARB27_NG                      ,                ,RESISTANT ,RESISTANCE,"class"                             ,80.0         ,80.0              ,
blaCARB40_NG                      ,                ,RESISTANT ,RESISTANCE,"class"                             ,80.0         ,80.0              ,
blaCARB32_NG                      ,                ,RESISTANT ,RESISTANCE,"class"                             ,80.0         ,80.0              ,
blaCARB21_NG                      ,                ,RESISTANT ,RESISTANCE,"class"                             ,80.0         ,80.0              ,
blaCARB20_NG                      ,                ,RESISTANT ,RESISTANCE,"class"                             ,80.0         ,80.0              ,
blaCARB23_NG                      ,                ,RESISTANT ,RESISTANCE,"class"                             ,80.0         ,80.0              ,
blaCARB31_NG                      ,                ,RESISTANT ,RESISTANCE,"class"                             ,80.0         ,80.0              ,
blaCARB17_NG                      ,                ,RESISTANT ,RESISTANCE,"class"                             ,80.0         ,80.0              ,
blaCARB46_NG                      ,                ,RESISTANT ,RESISTANCE,"class"                             ,80.0         ,80.0              ,
